#format: kpower1
#filename: kalibracja-ctr-2.txt
#date: 2010-02-19 11:11:37
#description: CTR bezw 2mg/ml
0.07	-0.000179
0.15	-0.000177
0.24	-0.000178
0.31	-0.000168
0.40	-0.000168
0.47	-0.000162
0.56	-0.000172
0.64	-0.000164
0.72	-0.000169
0.80	-0.000168
0.88	-0.000167
0.96	-0.000162
1.04	-0.000172
1.12	-0.000175
1.20	-0.000178
1.28	-0.000183
1.36	-0.000167
1.44	-0.000172
1.52	-0.000181
1.60	-0.000177
1.68	-0.000167
1.76	-0.000172
1.84	-0.000175
1.92	-0.000178
2.00	-0.000176
2.08	-0.000175
2.15	-0.000175
2.24	-0.000175
2.32	-0.000171
2.39	-0.000175
2.48	-0.000170
2.56	-0.000181
2.63	-0.000178
2.71	-0.000168
2.79	-0.000178
2.88	-0.000172
2.95	-0.000168
3.03	-0.000162
3.12	-0.000174
3.19	-0.000173
3.28	-0.000170
3.36	-0.000167
3.43	-0.000170
3.52	-0.000173
3.60	-0.000176
3.68	-0.000171
3.76	-0.000172
3.83	-0.000176
3.92	-0.000166
3.99	-0.000175
4.08	-0.000178
4.15	-0.000169
4.24	-0.000177
4.32	-0.000166
4.39	-0.000164
4.47	-0.000177
4.55	-0.000184
4.64	-0.000177
4.71	-0.000172
4.79	-0.000183
4.88	-0.000176
4.96	-0.000175
5.03	-0.000166
5.12	-0.000173
5.19	-0.000179
5.27	-0.000180
5.36	-0.000178
5.43	-0.000175
5.52	-0.000176
5.59	-0.000180
5.68	-0.000182
5.75	-0.000183
5.84	-0.000167
5.92	-0.000173
6.00	-0.000186
6.08	-0.000183
6.16	-0.000184
6.24	-0.000186
6.32	-0.000190
6.39	-0.000181
6.48	-0.000183
6.55	-0.000174
6.64	-0.000173
6.71	-0.000187
6.79	-0.000178
6.88	-0.000181
6.95	-0.000183
7.03	-0.000175
7.12	-0.000184
7.20	-0.000194
7.27	-0.000189
7.36	-0.000187
7.43	-0.000190
7.52	-0.000183
7.59	-0.000184
7.67	-0.000188
7.75	-0.000189
7.83	-0.000189
7.92	-0.000195
7.99	-0.000198
8.08	-0.000198
8.15	-0.000193
8.24	-0.000198
8.31	-0.000193
8.40	-0.000204
8.47	-0.000190
8.55	-0.000193
8.64	-0.000197
8.71	-0.000190
8.79	-0.000178
8.87	-0.000190
8.96	-0.000197
9.03	-0.000195
9.11	-0.000200
9.20	-0.000200
9.28	-0.000199
9.36	-0.000200
9.44	-0.000198
9.52	-0.000191
9.60	-0.000198
9.68	-0.000197
9.76	-0.000201
9.84	-0.000197
9.92	-0.000196
10.00	-0.000181
10.08	-0.000188
10.16	-0.000187
10.24	-0.000191
10.32	-0.000190
10.40	-0.000188
10.48	-0.000187
10.56	-0.000188
10.64	-0.000191
10.72	-0.000196
10.80	-0.000198
10.88	-0.000191
10.96	-0.000196
11.04	-0.000198
11.12	-0.000195
11.20	-0.000188
11.28	-0.000190
11.36	-0.000190
11.44	-0.000190
11.52	-0.000197
11.60	-0.000191
11.68	-0.000192
11.76	-0.000198
11.84	-0.000199
11.91	-0.000188
12.00	-0.000201
12.08	-0.000198
12.16	-0.000195
12.23	-0.000200
12.32	-0.000198
12.40	-0.000211
12.47	-0.000210
12.56	-0.000207
12.63	-0.000201
12.72	-0.000204
12.79	-0.000200
12.87	-0.000206
12.96	-0.000212
13.03	-0.000206
13.11	-0.000202
13.20	-0.000213
13.27	-0.000218
13.35	-0.000210
13.44	-0.000206
13.52	-0.000213
13.60	-0.000202
13.68	-0.000204
13.76	-0.000207
13.84	-0.000201
13.92	-0.000211
14.00	-0.000205
14.08	-0.000207
14.16	-0.000210
14.24	-0.000208
14.32	-0.000210
14.40	-0.000214
14.48	-0.000206
14.56	-0.000209
14.64	-0.000213
14.72	-0.000217
14.80	-0.000209
14.88	-0.000211
14.96	-0.000205
15.04	-0.000221
15.12	-0.000210
15.20	-0.000213
15.28	-0.000211
15.36	-0.000213
15.45	-0.000201
15.52	-0.000208
15.61	-0.000204
15.68	-0.000216
15.77	-0.000215
15.85	-0.000208
15.92	-0.000200
16.00	-0.000204
16.08	-0.000210
16.16	-0.000214
16.24	-0.000217
16.32	-0.000218
16.40	-0.000208
16.48	-0.000210
16.56	-0.000214
16.64	-0.000224
16.72	-0.000210
16.80	-0.000219
16.88	-0.000222
16.96	-0.000225
17.04	-0.000210
17.12	-0.000197
17.20	-0.000195
17.28	-0.000199
17.36	-0.000203
17.44	-0.000213
17.51	-0.000217
17.59	-0.000225
17.67	-0.000224
17.76	-0.000215
17.83	-0.000208
17.92	-0.000206
17.99	-0.000216
18.08	-0.000215
18.16	-0.000212
18.24	-0.000221
18.32	-0.000208
18.40	-0.000208
18.48	-0.000216
18.56	-0.000215
18.64	-0.000214
18.72	-0.000209
18.80	-0.000202
18.88	-0.000207
18.96	-0.000205
19.04	-0.000202
19.12	-0.000207
19.20	-0.000200
19.28	-0.000208
19.36	-0.000211
19.44	-0.000214
19.52	-0.000202
19.60	-0.000218
19.68	-0.000217
19.76	-0.000212
19.84	-0.000210
19.92	-0.000209
20.00	-0.000209
20.08	-0.000201
20.16	-0.000209
20.24	-0.000211
20.32	-0.000219
20.41	-0.000216
20.48	-0.000207
20.56	-0.000213
20.64	-0.000213
20.72	-0.000207
20.80	-0.000214
20.88	-0.000208
20.96	-0.000214
21.04	-0.000209
21.12	-0.000198
21.20	-0.000202
21.28	-0.000210
21.36	-0.000197
21.44	-0.000206
21.51	-0.000217
21.60	-0.000209
21.67	-0.000221
21.76	-0.000216
21.83	-0.000220
21.91	-0.000222
22.00	-0.000219
22.07	-0.000220
22.16	-0.000215
22.23	-0.000223
22.32	-0.000220
22.40	-0.000224
22.47	-0.000220
22.56	-0.000227
22.63	-0.000217
22.72	-0.000220
22.79	-0.000220
22.87	-0.000216
22.95	-0.000221
23.03	-0.000211
23.11	-0.000209
23.20	-0.000224
23.27	-0.000230
23.36	-0.000227
23.43	-0.000230
23.52	-0.000215
23.59	-0.000222
23.67	-0.000209
23.76	-0.000213
23.83	-0.000217
23.91	-0.000211
24.00	-0.000208
24.07	-0.000213
24.16	-0.000216
24.24	-0.000217
24.32	-0.000209
24.40	-0.000213
24.48	-0.000205
24.56	-0.000217
24.64	-0.000218
24.72	-0.000210
24.80	-0.000206
24.88	-0.000217
24.96	-0.000208
25.04	-0.000213
25.11	-0.000208
25.20	-0.000206
25.28	-0.000211
25.36	-0.000207
25.44	-0.000208
25.51	-0.000211
25.60	-0.000218
25.67	-0.000214
25.76	-0.000219
25.83	-0.000215
25.91	-0.000223
26.00	-0.000216
26.07	-0.000224
26.16	-0.000213
26.23	-0.000208
26.32	-0.000208
26.40	-0.000214
26.47	-0.000213
26.56	-0.000216
26.64	-0.000219
26.72	-0.000212
26.79	-0.000215
26.88	-0.000226
26.96	-0.000220
27.03	-0.000218
27.11	-0.000221
27.19	-0.000218
27.28	-0.000210
27.35	-0.000219
27.43	-0.000218
27.51	-0.000214
27.60	-0.000213
27.68	-0.000216
27.75	-0.000206
27.84	-0.000208
27.92	-0.000204
28.00	-0.000212
28.07	-0.000218
28.16	-0.000205
28.23	-0.000214
28.32	-0.000219
28.40	-0.000212
28.48	-0.000215
28.55	-0.000205
28.64	-0.000214
28.72	-0.000217
28.80	-0.000213
28.88	-0.000209
28.96	-0.000219
29.04	-0.000223
29.12	-0.000223
29.20	-0.000221
29.28	-0.000213
29.36	-0.000222
29.44	-0.000215
29.52	-0.000217
29.60	-0.000225
29.68	-0.000222
29.76	-0.000229
29.84	-0.000218
29.92	-0.000205
30.00	-0.000222
30.08	-0.000217
30.16	-0.000220
30.24	-0.000219
30.32	-0.000215
30.39	-0.000216
30.48	-0.000214
30.56	-0.000216
30.64	-0.000213
30.72	-0.000217
30.80	-0.000212
30.88	-0.000210
30.96	-0.000224
31.04	-0.000219
31.12	-0.000206
31.20	-0.000218
31.27	-0.000214
31.36	-0.000212
31.43	-0.000214
31.52	-0.000222
31.59	-0.000228
31.67	-0.000215
31.76	-0.000216
31.83	-0.000216
31.91	-0.000223
32.00	-0.000220
32.07	-0.000221
32.16	-0.000218
32.24	-0.000226
32.31	-0.000226
32.40	-0.000225
32.47	-0.000221
32.56	-0.000235
32.63	-0.000231
32.72	-0.000206
32.79	-0.000224
32.88	-0.000224
32.96	-0.000217
33.03	-0.000219
33.12	-0.000210
33.20	-0.000216
33.27	-0.000221
33.36	-0.000217
33.43	-0.000211
33.52	-0.000211
33.59	-0.000215
33.67	-0.000215
33.76	-0.000220
33.83	-0.000210
33.92	-0.000222
33.99	-0.000218
34.08	-0.000212
34.16	-0.000206
34.23	-0.000206
34.32	-0.000209
34.40	-0.000213
34.48	-0.000223
34.56	-0.000220
34.64	-0.000222
34.72	-0.000218
34.80	-0.000213
34.88	-0.000216
34.96	-0.000214
35.04	-0.000213
35.12	-0.000214
35.20	-0.000213
35.28	-0.000217
35.36	-0.000215
35.44	-0.000204
35.52	-0.000206
35.60	-0.000198
35.68	-0.000209
35.76	-0.000211
35.84	-0.000221
35.92	-0.000216
36.00	-0.000219
36.08	-0.000213
36.16	-0.000227
36.23	-0.000232
36.31	-0.000233
36.40	-0.000234
36.47	-0.000221
36.56	-0.000221
36.63	-0.000210
36.72	-0.000207
36.79	-0.000214
36.85	-0.000216
36.94	-0.000223
37.01	-0.000227
37.10	-0.000224
37.17	-0.000216
37.25	-0.000198
37.34	-0.000206
37.41	-0.000220
37.50	-0.000216
37.57	-0.000212
37.66	-0.000219
37.73	-0.000215
37.81	-0.000221
37.90	-0.000213
37.98	-0.000211
38.05	-0.000216
38.14	-0.000220
38.22	-0.000216
38.29	-0.000210
38.38	-0.000217
38.46	-0.000216
38.53	-0.000224
38.62	-0.000221
38.69	-0.000220
38.78	-0.000215
38.85	-0.000211
38.94	-0.000210
39.02	-0.000208
39.09	-0.000220
39.17	-0.000210
39.26	-0.000214
39.34	-0.000217
39.42	-0.000216
39.50	-0.000210
39.58	-0.000209
39.66	-0.000210
39.74	-0.000200
39.82	-0.000199
39.90	-0.000199
39.98	-0.000210
40.06	-0.000206
40.14	-0.000203
40.22	-0.000208
40.30	-0.000200
40.38	-0.000206
40.46	-0.000216
40.54	-0.000211
40.62	-0.000214
40.70	-0.000205
40.78	-0.000208
40.86	-0.000215
40.94	-0.000218
41.02	-0.000224
41.10	-0.000217
41.17	-0.000225
41.25	-0.000212
41.34	-0.000220
41.41	-0.000213
41.50	-0.000228
41.57	-0.000221
41.65	-0.000215
41.74	-0.000215
41.81	-0.000213
41.90	-0.000220
41.97	-0.000227
42.06	-0.000226
42.13	-0.000216
42.21	-0.000214
42.30	-0.000207
42.37	-0.000210
42.45	-0.000211
42.53	-0.000221
42.61	-0.000220
42.69	-0.000217
42.77	-0.000198
42.86	-0.000195
42.93	-0.000207
43.01	-0.000211
43.09	-0.000208
43.17	-0.000206
43.26	-0.000212
43.33	-0.000206
43.42	-0.000208
43.49	-0.000208
43.57	-0.000208
43.66	-0.000211
43.73	-0.000209
43.81	-0.000214
43.90	-0.000224
43.97	-0.000221
44.06	-0.000225
44.14	-0.000218
44.21	-0.000222
44.29	-0.000218
44.38	-0.000218
44.45	-0.000210
44.53	-0.000210
44.62	-0.000214
44.70	-0.000209
44.78	-0.000205
44.86	-0.000203
44.94	-0.000207
45.02	-0.000207
45.10	-0.000205
45.18	-0.000205
45.26	-0.000192
45.34	-0.000203
45.42	-0.000193
45.50	-0.000203
45.58	-0.000215
45.66	-0.000210
45.74	-0.000210
45.82	-0.000211
45.90	-0.000211
45.98	-0.000219
46.06	-0.000209
46.13	-0.000201
46.22	-0.000215
46.29	-0.000215
46.37	-0.000211
46.46	-0.000206
46.53	-0.000214
46.62	-0.000207
46.69	-0.000210
46.78	-0.000223
46.85	-0.000229
46.94	-0.000220
47.01	-0.000227
47.10	-0.000224
47.17	-0.000235
47.25	-0.000247
47.34	-0.000236
47.42	-0.000245
47.49	-0.000240
47.58	-0.000238
47.66	-0.000236
47.74	-0.000225
47.82	-0.000221
47.90	-0.000232
47.98	-0.000230
48.06	-0.000226
48.14	-0.000225
48.22	-0.000231
48.30	-0.000224
48.38	-0.000231
48.46	-0.000237
48.54	-0.000222
48.62	-0.000224
48.70	-0.000221
48.78	-0.000226
48.86	-0.000226
48.94	-0.000225
49.03	-0.000232
49.10	-0.000232
49.18	-0.000228
49.26	-0.000228
49.34	-0.000224
49.42	-0.000230
49.50	-0.000233
49.58	-0.000220
49.66	-0.000220
49.74	-0.000218
49.82	-0.000216
49.90	-0.000221
49.98	-0.000225
50.06	-0.000223
50.14	-0.000228
50.22	-0.000224
50.30	-0.000227
50.38	-0.000231
50.45	-0.000219
50.53	-0.000231
50.62	-0.000226
50.70	-0.000223
50.77	-0.000220
50.86	-0.000224
50.93	-0.000217
51.02	-0.000220
51.10	-0.000215
51.17	-0.000217
51.26	-0.000223
51.33	-0.000228
51.42	-0.000211
51.49	-0.000221
51.57	-0.000231
51.65	-0.000226
51.74	-0.000216
51.82	-0.000220
51.89	-0.000225
51.98	-0.000222
52.05	-0.000220
52.14	-0.000223
52.21	-0.000224
52.29	-0.000231
52.37	-0.000229
52.45	-0.000227
52.53	-0.000223
52.62	-0.000240
52.69	-0.000233
52.78	-0.000225
52.86	-0.000219
52.94	-0.000213
53.02	-0.000223
53.10	-0.000219
53.18	-0.000222
53.26	-0.000232
53.34	-0.000219
53.42	-0.000213
53.50	-0.000211
53.58	-0.000216
53.66	-0.000221
53.74	-0.000220
53.82	-0.000225
53.90	-0.000221
53.98	-0.000223
54.06	-0.000226
54.14	-0.000223
54.22	-0.000221
54.30	-0.000221
54.38	-0.000215
54.46	-0.000221
54.54	-0.000218
54.62	-0.000213
54.70	-0.000216
54.78	-0.000212
54.86	-0.000219
54.94	-0.000213
55.02	-0.000211
55.10	-0.000208
55.18	-0.000217
55.26	-0.000216
55.34	-0.000210
55.42	-0.000218
55.49	-0.000215
55.58	-0.000220
55.65	-0.000218
55.74	-0.000218
55.82	-0.000214
55.89	-0.000217
55.98	-0.000217
56.06	-0.000218
56.14	-0.000210
56.21	-0.000217
56.30	-0.000211
56.37	-0.000223
56.46	-0.000231
56.53	-0.000215
56.61	-0.000208
56.70	-0.000205
56.77	-0.000214
56.86	-0.000214
56.93	-0.000211
57.02	-0.000216
57.09	-0.000216
57.18	-0.000218
57.26	-0.000218
57.33	-0.000205
57.42	-0.000202
57.49	-0.000205
57.57	-0.000208
57.66	-0.000210
57.73	-0.000210
57.81	-0.000206
57.90	-0.000200
57.98	-0.000207
58.06	-0.000211
58.14	-0.000208
58.22	-0.000204
58.30	-0.000204
58.38	-0.000212
58.46	-0.000213
58.54	-0.000214
58.62	-0.000212
58.70	-0.000217
58.78	-0.000218
58.86	-0.000217
58.94	-0.000206
59.02	-0.000218
59.10	-0.000221
59.18	-0.000214
59.26	-0.000203
59.34	-0.000207
59.42	-0.000198
59.50	-0.000204
59.58	-0.000209
59.66	-0.000222
59.74	-0.000222
59.82	-0.000214
59.90	-0.000212
59.98	-0.000204
60.06	-0.000207
60.14	-0.000209
60.22	-0.000197
60.30	-0.000201
60.38	-0.000206
60.45	-0.000206
60.54	-0.000214
60.61	-0.000215
60.70	-0.000211
60.77	-0.000208
60.85	-0.000207
60.94	-0.000212
61.01	-0.000209
61.10	-0.000204
61.17	-0.000211
61.26	-0.000218
61.34	-0.000218
61.41	-0.000212
61.50	-0.000205
61.58	-0.000207
61.66	-0.000209
61.73	-0.000208
61.81	-0.000212
61.89	-0.000212
61.98	-0.000218
62.05	-0.000215
62.13	-0.000212
62.22	-0.000202
62.29	-0.000208
62.38	-0.000212
62.45	-0.000217
62.54	-0.000214
62.62	-0.000204
62.70	-0.000203
62.77	-0.000197
62.86	-0.000207
62.93	-0.000211
63.02	-0.000209
63.10	-0.000213
63.17	-0.000216
63.26	-0.000210
63.34	-0.000211
63.41	-0.000221
63.50	-0.000216
63.58	-0.000218
63.66	-0.000219
63.74	-0.000210
63.82	-0.000210
63.90	-0.000213
63.98	-0.000210
64.06	-0.000212
64.14	-0.000215
64.22	-0.000203
64.31	-0.000208
64.39	-0.000215
64.46	-0.000212
64.55	-0.000209
64.63	-0.000204
64.70	-0.000208
64.79	-0.000209
64.87	-0.000213
64.94	-0.000204
65.03	-0.000219
65.10	-0.000222
65.19	-0.000216
65.26	-0.000208
65.34	-0.000219
65.42	-0.000219
65.50	-0.000211
65.58	-0.000211
65.66	-0.000216
65.74	-0.000216
65.82	-0.000221
65.90	-0.000216
65.98	-0.000220
66.06	-0.000205
66.14	-0.000205
66.22	-0.000210
66.30	-0.000208
66.38	-0.000205
66.46	-0.000205
66.53	-0.000205
66.62	-0.000207
66.69	-0.000202
66.78	-0.000208
66.86	-0.000212
66.94	-0.000209
67.02	-0.000211
67.10	-0.000198
67.18	-0.000198
67.26	-0.000199
67.34	-0.000209
67.42	-0.000208
67.50	-0.000199
67.58	-0.000206
67.66	-0.000198
67.74	-0.000211
67.82	-0.000218
67.90	-0.000214
67.98	-0.000205
68.06	-0.000201
68.14	-0.000199
68.22	-0.000201
68.31	-0.000218
68.39	-0.000208
68.46	-0.000216
68.55	-0.000213
68.63	-0.000207
68.70	-0.000210
68.79	-0.000209
68.87	-0.000208
68.94	-0.000212
69.03	-0.000210
69.11	-0.000207
69.18	-0.000201
69.26	-0.000194
69.35	-0.000209
69.42	-0.000206
69.51	-0.000198
69.58	-0.000195
69.66	-0.000196
69.75	-0.000194
69.82	-0.000204
69.90	-0.000196
69.98	-0.000189
70.06	-0.000196
70.14	-0.000196
70.22	-0.000200
70.30	-0.000201
70.38	-0.000204
70.46	-0.000192
70.54	-0.000196
70.62	-0.000200
70.70	-0.000202
70.78	-0.000200
70.87	-0.000213
70.94	-0.000207
71.02	-0.000201
71.10	-0.000203
71.18	-0.000204
71.26	-0.000204
71.34	-0.000207
71.42	-0.000213
71.50	-0.000214
71.58	-0.000204
71.66	-0.000202
71.73	-0.000202
71.81	-0.000203
71.90	-0.000206
71.97	-0.000201
72.06	-0.000199
72.14	-0.000192
72.22	-0.000191
72.30	-0.000195
72.38	-0.000204
72.46	-0.000201
72.54	-0.000197
72.62	-0.000196
72.70	-0.000195
72.78	-0.000193
72.86	-0.000199
72.94	-0.000207
73.02	-0.000190
73.10	-0.000190
73.18	-0.000198
73.26	-0.000200
73.34	-0.000209
73.42	-0.000209
73.50	-0.000204
73.58	-0.000206
73.67	-0.000207
73.74	-0.000200
73.83	-0.000201
73.91	-0.000186
73.98	-0.000198
74.07	-0.000197
74.15	-0.000189
74.22	-0.000191
74.30	-0.000196
74.39	-0.000187
74.46	-0.000190
74.55	-0.000186
74.63	-0.000204
74.70	-0.000201
74.79	-0.000201
74.86	-0.000201
74.94	-0.000196
75.03	-0.000204
75.10	-0.000207
75.18	-0.000196
75.26	-0.000194
75.34	-0.000195
75.42	-0.000205
75.50	-0.000190
75.58	-0.000198
75.66	-0.000200
75.74	-0.000203
75.82	-0.000202
75.90	-0.000195
75.98	-0.000197
76.06	-0.000206
76.14	-0.000203
76.22	-0.000203
76.30	-0.000196
76.38	-0.000192
76.46	-0.000192
76.53	-0.000184
76.62	-0.000188
76.70	-0.000190
76.78	-0.000193
76.85	-0.000197
76.94	-0.000189
77.03	-0.000199
77.09	-0.000203
77.18	-0.000214
77.25	-0.000206
77.34	-0.000201
77.42	-0.000205
77.50	-0.000196
77.58	-0.000198
77.66	-0.000200
77.74	-0.000192
77.82	-0.000189
77.90	-0.000184
77.98	-0.000186
78.06	-0.000176
78.14	-0.000174
78.22	-0.000188
78.30	-0.000193
78.38	-0.000201
78.45	-0.000205
78.54	-0.000204
78.61	-0.000195
78.69	-0.000191
78.78	-0.000193
78.85	-0.000193
78.93	-0.000187
79.02	-0.000184
79.09	-0.000180
79.18	-0.000183
79.25	-0.000182
79.34	-0.000177
79.42	-0.000177
79.49	-0.000176
79.58	-0.000179
79.66	-0.000183
79.73	-0.000177
79.81	-0.000176
79.89	-0.000174
79.97	-0.000170
80.06	-0.000175
80.13	-0.000185
80.21	-0.000182
80.30	-0.000184
80.37	-0.000183
80.46	-0.000191
80.53	-0.000187
80.62	-0.000186
80.70	-0.000198
80.77	-0.000188
80.86	-0.000179
80.94	-0.000183
81.01	-0.000175
81.10	-0.000179
81.18	-0.000181
81.25	-0.000174
81.34	-0.000177
81.42	-0.000165
81.50	-0.000180
81.58	-0.000185
81.66	-0.000183
81.74	-0.000177
81.82	-0.000182
81.90	-0.000182
81.98	-0.000183
82.06	-0.000189
82.14	-0.000187
82.22	-0.000183
82.30	-0.000176
82.38	-0.000170
82.46	-0.000189
82.54	-0.000180
82.62	-0.000175
82.70	-0.000180
82.78	-0.000176
82.86	-0.000192
82.94	-0.000186
83.02	-0.000184
83.09	-0.000178
83.18	-0.000185
83.26	-0.000181
83.33	-0.000184
83.42	-0.000180
83.49	-0.000189
83.58	-0.000188
83.65	-0.000178
83.74	-0.000181
83.81	-0.000192
83.90	-0.000183
83.97	-0.000181
84.06	-0.000183
84.13	-0.000195
84.21	-0.000192
84.30	-0.000188
84.37	-0.000179
84.45	-0.000186
84.54	-0.000189
84.61	-0.000189
84.69	-0.000179
84.78	-0.000190
84.86	-0.000176
84.94	-0.000184
85.02	-0.000180
85.10	-0.000190
85.18	-0.000179
85.26	-0.000182
85.34	-0.000177
85.42	-0.000184
85.50	-0.000192
85.58	-0.000190
85.66	-0.000185
85.74	-0.000186
85.82	-0.000190
85.90	-0.000185
85.98	-0.000188
86.06	-0.000175
86.14	-0.000182
86.22	-0.000179
86.30	-0.000185
86.38	-0.000190
86.46	-0.000184
86.54	-0.000181
86.62	-0.000186
86.70	-0.000192
86.78	-0.000195
86.86	-0.000186
86.94	-0.000181
87.02	-0.000185
87.10	-0.000180
87.19	-0.000181
87.26	-0.000182
87.34	-0.000187
87.42	-0.000179
87.50	-0.000181
87.58	-0.000181
87.66	-0.000182
87.74	-0.000179
87.81	-0.000183
87.90	-0.000186
87.98	-0.000181
88.05	-0.000180
88.14	-0.000184
88.22	-0.000188
88.29	-0.000191
88.38	-0.000185
88.46	-0.000185
88.53	-0.000193
88.62	-0.000188
88.69	-0.000179
88.77	-0.000176
88.86	-0.000166
88.93	-0.000165
89.01	-0.000183
89.10	-0.000174
89.17	-0.000181
89.25	-0.000187
89.34	-0.000178
89.41	-0.000175
89.49	-0.000181
89.58	-0.000174
89.65	-0.000170
89.73	-0.000178
89.82	-0.000176
89.90	-0.000182
89.97	-0.000184
90.06	-0.000177
90.14	-0.000175
90.22	-0.000185
90.30	-0.000182
90.39	-0.000187
90.46	-0.000182
90.54	-0.000176
90.62	-0.000181
90.70	-0.000189
90.78	-0.000173
90.86	-0.000171
90.94	-0.000174
91.02	-0.000178
91.10	-0.000175
91.18	-0.000170
91.26	-0.000173
91.34	-0.000175
91.42	-0.000177
91.50	-0.000184
91.58	-0.000179
91.66	-0.000186
91.74	-0.000188
91.82	-0.000193
91.90	-0.000189
91.98	-0.000187
92.06	-0.000177
92.14	-0.000184
92.23	-0.000173
92.30	-0.000174
92.38	-0.000184
92.45	-0.000179
92.53	-0.000178
92.62	-0.000167
92.69	-0.000169
92.78	-0.000173
92.85	-0.000175
92.94	-0.000168
93.02	-0.000175
93.09	-0.000175
93.18	-0.000173
93.25	-0.000180
93.34	-0.000176
93.41	-0.000171
93.49	-0.000181
93.57	-0.000176
93.66	-0.000183
93.73	-0.000186
93.81	-0.000176
93.90	-0.000172
93.97	-0.000176
94.06	-0.000177
94.13	-0.000179
94.22	-0.000185
94.29	-0.000178
94.37	-0.000173
94.46	-0.000179
94.53	-0.000167
94.62	-0.000173
94.69	-0.000175
94.77	-0.000175
94.86	-0.000174
94.93	-0.000170
95.01	-0.000164
95.10	-0.000173
95.17	-0.000165
95.25	-0.000171
95.34	-0.000168
95.42	-0.000178
95.50	-0.000180
95.58	-0.000178
95.66	-0.000175
95.74	-0.000172
95.82	-0.000170
95.90	-0.000167
95.98	-0.000172
96.06	-0.000168
96.14	-0.000175
96.22	-0.000176
96.30	-0.000173
96.38	-0.000174
96.46	-0.000171
96.54	-0.000173
96.62	-0.000174
96.70	-0.000178
96.78	-0.000179
96.86	-0.000175
96.94	-0.000170
97.02	-0.000172
97.10	-0.000169
97.18	-0.000170
97.25	-0.000169
97.34	-0.000172
97.41	-0.000174
97.49	-0.000179
97.58	-0.000175
97.65	-0.000179
97.73	-0.000176
97.82	-0.000176
97.89	-0.000159
97.97	-0.000161
98.06	-0.000155
98.13	-0.000164
98.22	-0.000178
98.29	-0.000178
98.38	-0.000177
98.45	-0.000171
98.53	-0.000166
98.61	-0.000151
98.69	-0.000154
98.78	-0.000157
98.85	-0.000163
98.94	-0.000167
99.02	-0.000162
99.09	-0.000165
99.18	-0.000164
99.26	-0.000171
99.33	-0.000167
99.42	-0.000162
99.49	-0.000156
99.58	-0.000153
99.65	-0.000156
99.74	-0.000165
99.82	-0.000153
99.89	-0.000162
99.98	-0.000169
100.06	-0.000170
100.14	-0.000169
100.22	-0.000168
100.30	-0.000162
100.38	-0.000156
100.47	-0.000165
100.54	-0.000162
100.63	-0.000166
100.71	-0.000163
100.78	-0.000172
100.87	-0.000173
100.94	-0.000175
101.02	-0.000174
101.10	-0.000169
101.19	-0.000166
101.26	-0.000170
101.35	-0.000166
101.42	-0.000166
101.51	-0.000172
101.58	-0.000167
101.66	-0.000169
101.74	-0.000172
101.83	-0.000179
101.90	-0.000177
101.99	-0.000175
102.06	-0.000172
102.15	-0.000166
102.22	-0.000154
102.31	-0.000160
102.38	-0.000152
102.46	-0.000158
102.54	-0.000150
102.62	-0.000157
102.70	-0.000161
102.78	-0.000160
102.86	-0.000159
102.94	-0.000162
103.02	-0.000160
103.10	-0.000163
103.18	-0.000163
103.26	-0.000171
103.34	-0.000175
103.42	-0.000171
103.50	-0.000159
103.58	-0.000166
103.66	-0.000156
103.74	-0.000157
103.82	-0.000160
103.90	-0.000154
103.97	-0.000148
104.06	-0.000138
104.14	-0.000155
104.22	-0.000159
104.30	-0.000159
104.38	-0.000149
104.46	-0.000157
104.54	-0.000156
104.62	-0.000158
104.70	-0.000165
104.78	-0.000155
104.86	-0.000150
104.94	-0.000158
105.02	-0.000157
105.08	-0.000159
105.16	-0.000147
105.25	-0.000150
105.30	-0.000159
105.39	-0.000151
105.46	-0.000151
105.55	-0.000155
105.62	-0.000153
105.71	-0.000151
105.78	-0.000162
105.87	-0.000167
105.94	-0.000171
106.03	-0.000171
106.10	-0.000161
106.19	-0.000155
106.26	-0.000166
106.35	-0.000170
106.42	-0.000167
106.51	-0.000162
106.58	-0.000158
106.67	-0.000160
106.74	-0.000156
106.83	-0.000153
106.90	-0.000158
106.99	-0.000165
107.06	-0.000161
107.15	-0.000156
107.22	-0.000160
107.31	-0.000153
107.38	-0.000155
107.46	-0.000161
107.54	-0.000156
107.62	-0.000152
107.70	-0.000163
107.78	-0.000154
107.86	-0.000148
107.94	-0.000159
108.02	-0.000148
108.10	-0.000158
108.18	-0.000154
108.26	-0.000157
108.34	-0.000161
108.42	-0.000171
108.50	-0.000168
108.58	-0.000159
108.66	-0.000154
108.74	-0.000148
108.82	-0.000149
108.90	-0.000154
108.98	-0.000150
109.06	-0.000144
109.14	-0.000133
109.22	-0.000139
109.30	-0.000145
109.38	-0.000152
109.46	-0.000149
109.54	-0.000142
109.62	-0.000143
109.70	-0.000146
109.78	-0.000149
109.86	-0.000145
109.94	-0.000140
110.02	-0.000146
110.10	-0.000154
110.18	-0.000148
110.26	-0.000142
110.34	-0.000144
110.42	-0.000144
110.51	-0.000145
110.58	-0.000142
110.67	-0.000135
110.76	-0.000143
110.83	-0.000147
110.90	-0.000144
110.99	-0.000140
111.06	-0.000135
111.14	-0.000135
111.22	-0.000137
111.30	-0.000132
111.39	-0.000134
111.46	-0.000126
111.55	-0.000131
111.62	-0.000114
111.70	-0.000118
111.78	-0.000119
111.86	-0.000116
111.94	-0.000108
112.02	-0.000090
112.10	-0.000106
112.18	-0.000094
112.26	-0.000074
112.34	-0.000066
112.42	-0.000064
112.50	-0.000057
112.58	-0.000055
112.66	-0.000039
112.74	-0.000027
112.82	-0.000014
112.90	-0.000001
112.98	0.000016
113.06	0.000023
113.14	0.000039
113.22	0.000059
113.30	0.000095
113.38	0.000113
113.46	0.000123
113.54	0.000142
113.62	0.000172
113.70	0.000204
113.78	0.000227
113.86	0.000263
113.94	0.000292
114.02	0.000321
114.11	0.000359
114.18	0.000384
114.27	0.000408
114.34	0.000453
114.42	0.000482
114.51	0.000521
114.58	0.000560
114.67	0.000604
114.74	0.000651
114.83	0.000688
114.90	0.000725
114.99	0.000775
115.06	0.000828
115.15	0.000875
115.22	0.000922
115.31	0.000966
115.38	0.001000
115.47	0.001051
115.54	0.001102
115.63	0.001157
115.71	0.001215
115.79	0.001259
115.86	0.001325
115.95	0.001367
116.02	0.001417
116.11	0.001465
116.18	0.001527
116.27	0.001570
116.34	0.001615
116.43	0.001669
116.50	0.001718
116.59	0.001771
116.67	0.001830
116.74	0.001877
116.83	0.001918
116.90	0.001954
116.99	0.001999
117.06	0.002043
117.15	0.002079
117.22	0.002122
117.30	0.002159
117.38	0.002200
117.46	0.002229
117.54	0.002246
117.62	0.002283
117.70	0.002315
117.78	0.002349
117.86	0.002375
117.94	0.002400
118.02	0.002422
118.10	0.002445
118.18	0.002462
118.26	0.002484
118.34	0.002502
118.42	0.002506
118.51	0.002525
118.58	0.002532
118.67	0.002529
118.74	0.002536
118.83	0.002538
118.91	0.002541
118.98	0.002538
119.07	0.002537
119.14	0.002527
119.23	0.002513
119.30	0.002502
119.39	0.002476
119.46	0.002463
119.55	0.002436
119.62	0.002411
119.71	0.002392
119.78	0.002361
119.87	0.002330
119.94	0.002298
120.03	0.002247
120.10	0.002210
120.19	0.002161
120.26	0.002119
120.35	0.002082
120.42	0.002024
120.51	0.001962
120.58	0.001903
120.67	0.001821
120.74	0.001751
120.83	0.001671
120.90	0.001594
120.99	0.001500
121.07	0.001413
121.14	0.001310
121.22	0.001201
121.30	0.001097
121.38	0.000979
121.46	0.000853
121.54	0.000727
121.62	0.000586
121.70	0.000450
121.78	0.000294
121.86	0.000142
121.94	-0.000005
122.02	-0.000169
122.10	-0.000339
122.18	-0.000510
122.26	-0.000701
122.34	-0.000892
122.42	-0.001088
122.50	-0.001281
122.57	-0.001492
122.66	-0.001717
122.73	-0.001962
122.82	-0.002218
122.89	-0.002474
122.97	-0.002720
123.06	-0.002969
123.14	-0.003224
123.22	-0.003493
123.30	-0.003769
123.38	-0.004039
123.46	-0.004324
123.54	-0.004604
123.62	-0.004884
123.70	-0.005158
123.78	-0.005425
123.86	-0.005689
123.94	-0.005954
124.02	-0.006214
124.10	-0.006476
124.18	-0.006718
124.26	-0.006961
124.34	-0.007205
124.42	-0.007451
124.50	-0.007699
124.58	-0.007930
124.66	-0.008162
124.75	-0.008382
124.82	-0.008595
124.91	-0.008798
124.98	-0.008988
125.07	-0.009159
125.14	-0.009345
125.22	-0.009497
125.30	-0.009651
125.38	-0.009815
125.46	-0.009964
125.54	-0.010109
125.62	-0.010244
125.70	-0.010364
125.78	-0.010475
125.86	-0.010573
125.94	-0.010666
126.02	-0.010754
126.10	-0.010827
126.18	-0.010890
126.26	-0.010947
126.34	-0.010998
126.42	-0.011046
126.50	-0.011080
126.58	-0.011103
126.66	-0.011121
126.74	-0.011135
126.82	-0.011124
126.90	-0.011119
126.97	-0.011098
127.06	-0.011079
127.13	-0.011040
127.22	-0.011003
127.29	-0.010951
127.38	-0.010904
127.45	-0.010843
127.53	-0.010783
127.62	-0.010704
127.70	-0.010626
127.77	-0.010534
127.86	-0.010423
127.93	-0.010314
128.02	-0.010194
128.09	-0.010085
128.18	-0.009971
128.25	-0.009866
128.34	-0.009751
128.41	-0.009632
128.50	-0.009493
128.57	-0.009365
128.66	-0.009227
128.73	-0.009093
128.82	-0.008958
128.90	-0.008804
128.97	-0.008657
129.06	-0.008520
129.14	-0.008385
129.22	-0.008249
129.31	-0.008114
129.38	-0.007966
129.46	-0.007837
129.54	-0.007702
129.62	-0.007562
129.70	-0.007434
129.78	-0.007291
129.86	-0.007149
129.94	-0.007006
130.02	-0.006871
130.10	-0.006744
130.18	-0.006605
130.26	-0.006480
130.34	-0.006353
130.42	-0.006217
130.50	-0.006090
130.58	-0.005963
130.66	-0.005846
130.74	-0.005717
130.82	-0.005584
130.90	-0.005465
130.98	-0.005346
131.06	-0.005216
131.14	-0.005097
131.22	-0.004989
131.29	-0.004873
131.38	-0.004757
131.46	-0.004649
131.54	-0.004541
131.61	-0.004432
131.70	-0.004321
131.77	-0.004220
131.86	-0.004126
131.93	-0.004021
132.02	-0.003924
132.10	-0.003824
132.17	-0.003735
132.26	-0.003642
132.33	-0.003553
132.42	-0.003462
132.49	-0.003370
132.58	-0.003284
132.65	-0.003200
132.74	-0.003117
132.81	-0.003024
132.90	-0.002937
132.97	-0.002848
133.06	-0.002771
133.13	-0.002692
133.22	-0.002614
133.30	-0.002535
133.38	-0.002457
133.45	-0.002383
133.54	-0.002309
133.61	-0.002247
133.70	-0.002167
133.77	-0.002099
133.86	-0.002037
133.93	-0.001988
134.02	-0.001929
134.09	-0.001858
134.18	-0.001806
134.26	-0.001754
134.34	-0.001693
134.42	-0.001642
134.50	-0.001606
134.58	-0.001557
134.66	-0.001506
134.74	-0.001454
134.82	-0.001410
134.90	-0.001362
134.98	-0.001310
135.06	-0.001265
135.14	-0.001230
135.22	-0.001194
135.30	-0.001153
135.38	-0.001122
135.46	-0.001076
135.54	-0.001046
135.62	-0.000999
135.70	-0.000956
135.78	-0.000934
135.86	-0.000889
135.94	-0.000859
136.02	-0.000838
136.10	-0.000792
136.18	-0.000773
136.26	-0.000738
136.34	-0.000704
136.41	-0.000682
136.50	-0.000658
136.57	-0.000626
136.66	-0.000600
136.73	-0.000575
136.82	-0.000547
136.89	-0.000530
136.98	-0.000517
137.06	-0.000501
137.13	-0.000466
137.22	-0.000455
137.29	-0.000426
137.38	-0.000402
137.45	-0.000390
137.54	-0.000371
137.61	-0.000361
137.69	-0.000353
137.77	-0.000340
137.85	-0.000329
137.94	-0.000299
138.02	-0.000295
138.10	-0.000277
138.18	-0.000258
138.26	-0.000228
138.34	-0.000209
138.42	-0.000179
138.50	-0.000176
138.58	-0.000161
138.66	-0.000150
138.74	-0.000141
138.82	-0.000128
138.90	-0.000106
138.98	-0.000098
139.06	-0.000092
139.14	-0.000076
139.22	-0.000063
139.30	-0.000062
139.38	-0.000041
139.46	-0.000033
139.54	-0.000014
139.62	-0.000010
139.71	-0.000006
139.78	0.000010
139.87	0.000027
139.94	0.000039
140.03	0.000047
140.11	0.000055
140.18	0.000064
140.27	0.000075
140.34	0.000079
140.43	0.000088
140.50	0.000094
140.59	0.000097
140.66	0.000107
140.74	0.000110
140.83	0.000133
140.90	0.000143
140.99	0.000150
141.06	0.000153
141.15	0.000168
141.22	0.000186
141.31	0.000198
141.38	0.000191
141.46	0.000199
141.54	0.000213
141.62	0.000223
141.70	0.000229
141.78	0.000236
141.86	0.000244
141.94	0.000259
142.02	0.000268
142.10	0.000272
142.18	0.000285
142.26	0.000291
142.34	0.000301
142.42	0.000309
142.50	0.000324
142.58	0.000318
142.66	0.000326
142.74	0.000340
142.82	0.000342
142.90	0.000344
142.98	0.000356
143.06	0.000374
143.14	0.000389
143.22	0.000394
143.30	0.000403
143.38	0.000425
143.46	0.000437
143.54	0.000446
143.62	0.000458
143.70	0.000481
143.78	0.000487
143.86	0.000485
143.94	0.000487
144.02	0.000501
144.10	0.000513
144.18	0.000530
144.26	0.000541
144.34	0.000544
144.43	0.000560
144.50	0.000569
144.63	0.000570
144.67	0.000592
144.74	0.000603
144.83	0.000624
144.90	0.000626
144.99	0.000639
145.06	0.000646
145.15	0.000654
145.22	0.000669
145.30	0.000692
145.38	0.000692
145.46	0.000699
145.54	0.000710
145.62	0.000713
145.70	0.000726
145.78	0.000735
145.86	0.000741
145.94	0.000751
146.02	0.000747
146.10	0.000754
146.18	0.000768
146.26	0.000779
146.34	0.000787
146.42	0.000794
146.50	0.000807
146.57	0.000807
146.66	0.000811
146.74	0.000844
146.82	0.000846
146.90	0.000856
146.97	0.000866
147.06	0.000871
147.13	0.000874
147.22	0.000885
147.29	0.000882
147.38	0.000887
147.45	0.000891
147.54	0.000894
147.61	0.000900
147.70	0.000900
147.77	0.000913
147.86	0.000927
147.94	0.000939
148.01	0.000934
148.10	0.000933
148.17	0.000949
148.26	0.000970
148.33	0.000966
148.42	0.000972
148.50	0.000981
148.57	0.000987
148.66	0.000993
148.73	0.000987
148.82	0.000995
148.90	0.001013
148.98	0.001026
149.06	0.001030
149.13	0.001035
149.22	0.001039
149.30	0.001058
149.38	0.001051
149.46	0.001055
149.54	0.001057
149.62	0.001055
149.70	0.001064
149.78	0.001081
149.86	0.001085
149.94	0.001085
150.02	0.001088
150.10	0.001096
150.18	0.001103
150.26	0.001109
150.34	0.001112
150.41	0.001115
150.50	0.001112
150.57	0.001114
150.66	0.001127
150.74	0.001131
150.81	0.001129
150.90	0.001131
150.97	0.001140
151.06	0.001145
151.13	0.001146
151.22	0.001145
151.30	0.001143
151.37	0.001149
151.45	0.001154
151.54	0.001160
151.61	0.001158
151.70	0.001165
151.77	0.001163
151.85	0.001176
151.94	0.001174
152.01	0.001171
152.10	0.001170
152.17	0.001168
152.25	0.001181
152.33	0.001181
152.41	0.001178
152.49	0.001187
152.57	0.001192
152.65	0.001189
152.73	0.001201
152.81	0.001205
152.89	0.001195
152.97	0.001204
153.05	0.001205
153.13	0.001207
153.21	0.001207
153.29	0.001220
153.37	0.001209
153.45	0.001214
153.53	0.001214
153.62	0.001213
153.69	0.001221
153.78	0.001227
153.85	0.001222
153.94	0.001225
154.01	0.001233
154.10	0.001229
154.17	0.001231
154.26	0.001234
154.33	0.001241
154.42	0.001233
154.49	0.001249
154.58	0.001248
154.65	0.001243
154.74	0.001242
154.82	0.001243
154.89	0.001239
154.98	0.001249
155.05	0.001247
155.14	0.001258
155.21	0.001261
155.30	0.001260
155.37	0.001251
155.46	0.001258
155.53	0.001254
155.61	0.001247
155.70	0.001239
155.77	0.001248
155.86	0.001255
155.93	0.001253
156.02	0.001258
156.09	0.001269
156.17	0.001270
156.26	0.001271
156.33	0.001262
156.41	0.001254
156.49	0.001251
156.57	0.001259
156.65	0.001269
156.73	0.001265
156.81	0.001266
156.89	0.001268
156.97	0.001269
157.05	0.001266
157.13	0.001253
157.21	0.001256
157.29	0.001261
157.37	0.001262
157.45	0.001263
157.53	0.001262
157.61	0.001260
157.69	0.001270
157.77	0.001255
157.85	0.001258
157.93	0.001262
158.01	0.001259
158.09	0.001254
158.17	0.001255
158.25	0.001251
158.33	0.001255
158.41	0.001258
158.49	0.001254
158.57	0.001251
158.65	0.001258
158.73	0.001263
158.81	0.001262
158.89	0.001259
158.97	0.001254
159.05	0.001252
159.13	0.001255
159.22	0.001259
159.29	0.001257
159.38	0.001267
159.45	0.001266
159.54	0.001258
159.62	0.001259
159.69	0.001268
159.78	0.001263
159.85	0.001263
159.94	0.001261
160.01	0.001258
160.10	0.001259
160.17	0.001273
160.26	0.001258
160.33	0.001255
160.42	0.001258
160.49	0.001255
160.57	0.001256
160.66	0.001255
160.73	0.001251
160.82	0.001248
160.89	0.001246
160.97	0.001251
161.05	0.001237
161.13	0.001237
161.22	0.001245
161.29	0.001244
161.37	0.001245
161.45	0.001240
161.53	0.001245
161.61	0.001253
161.69	0.001246
161.77	0.001242
161.85	0.001227
161.93	0.001238
162.01	0.001241
162.09	0.001227
162.17	0.001240
162.25	0.001233
162.33	0.001239
162.41	0.001236
162.49	0.001225
162.57	0.001223
162.65	0.001224
162.73	0.001223
162.81	0.001228
162.88	0.001231
162.97	0.001231
163.05	0.001222
163.13	0.001226
163.21	0.001231
163.29	0.001230
163.37	0.001216
163.45	0.001217
163.53	0.001212
163.61	0.001207
163.69	0.001216
163.77	0.001210
163.85	0.001211
163.93	0.001219
164.01	0.001213
164.09	0.001212
164.17	0.001221
164.25	0.001221
164.33	0.001214
164.41	0.001211
164.50	0.001207
164.57	0.001217
164.66	0.001219
164.73	0.001211
164.82	0.001194
164.89	0.001200
164.97	0.001205
165.06	0.001209
165.13	0.001211
165.22	0.001213
165.29	0.001211
165.37	0.001221
165.46	0.001218
165.53	0.001205
165.62	0.001199
165.69	0.001198
165.78	0.001209
165.85	0.001211
165.94	0.001200
166.01	0.001206
166.09	0.001198
166.17	0.001195
166.25	0.001208
166.33	0.001193
166.41	0.001188
166.49	0.001196
166.57	0.001195
166.65	0.001193
166.73	0.001197
166.81	0.001191
166.89	0.001197
166.97	0.001189
167.05	0.001187
167.16	0.001189
167.21	0.001184
167.29	0.001175
167.37	0.001174
167.46	0.001171
167.53	0.001173
167.62	0.001180
167.69	0.001179
167.78	0.001178
167.85	0.001175
167.93	0.001175
168.02	0.001178
168.09	0.001169
168.18	0.001157
168.25	0.001178
168.34	0.001175
168.41	0.001169
168.50	0.001163
168.57	0.001169
168.66	0.001166
168.73	0.001168
168.81	0.001177
168.90	0.001179
168.97	0.001174
169.06	0.001174
169.13	0.001169
169.22	0.001177
169.29	0.001174
169.38	0.001180
169.46	0.001179
169.54	0.001174
169.62	0.001160
169.70	0.001168
169.78	0.001171
169.86	0.001173
169.94	0.001167
170.02	0.001170
170.10	0.001168
170.18	0.001173
170.26	0.001175
170.34	0.001166
170.41	0.001174
170.50	0.001166
170.57	0.001166
170.66	0.001155
170.73	0.001165
170.82	0.001161
170.89	0.001166
170.97	0.001176
171.06	0.001170
171.13	0.001173
171.22	0.001164
171.29	0.001155
171.38	0.001166
171.45	0.001159
171.53	0.001167
171.62	0.001166
171.69	0.001168
171.78	0.001165
171.85	0.001173
171.94	0.001174
172.01	0.001173
172.09	0.001172
172.18	0.001174
172.25	0.001165
172.34	0.001164
172.41	0.001165
172.50	0.001172
172.57	0.001165
172.65	0.001183
172.74	0.001176
172.81	0.001179
172.90	0.001167
172.97	0.001175
173.06	0.001176
173.13	0.001174
173.22	0.001172
173.30	0.001180
173.38	0.001170
173.46	0.001166
173.54	0.001171
173.62	0.001174
173.70	0.001179
173.78	0.001185
173.86	0.001189
173.94	0.001189
174.02	0.001187
174.10	0.001192
174.18	0.001178
174.26	0.001189
174.34	0.001190
174.42	0.001183
174.50	0.001184
174.58	0.001171
174.66	0.001185
174.74	0.001190
174.82	0.001194
174.90	0.001189
174.98	0.001190
175.06	0.001186
175.14	0.001188
175.22	0.001184
175.30	0.001185
175.39	0.001186
175.46	0.001184
175.55	0.001184
175.62	0.001178
175.71	0.001188
175.78	0.001190
175.87	0.001189
175.94	0.001188
176.03	0.001183
176.10	0.001185
176.18	0.001190
176.26	0.001192
176.34	0.001198
176.42	0.001194
176.50	0.001191
176.58	0.001190
176.66	0.001186
176.74	0.001179
176.82	0.001189
176.90	0.001182
176.98	0.001188
177.06	0.001193
177.14	0.001197
177.22	0.001190
177.30	0.001189
177.38	0.001208
177.46	0.001201
177.54	0.001207
177.63	0.001206
177.71	0.001204
177.78	0.001211
177.87	0.001211
177.94	0.001208
178.03	0.001207
178.10	0.001213
178.19	0.001216
178.26	0.001222
178.35	0.001218
178.45	0.001229
178.50	0.001208
178.59	0.001212
178.66	0.001209
178.75	0.001221
178.82	0.001219
178.91	0.001224
178.99	0.001224
179.06	0.001231
179.15	0.001232
179.22	0.001241
179.31	0.001240
179.38	0.001243
179.47	0.001237
179.54	0.001237
179.63	0.001232
179.70	0.001242
179.79	0.001234
179.86	0.001249
179.94	0.001235
180.02	0.001240
180.10	0.001237
180.18	0.001247
180.26	0.001257
180.34	0.001258
180.42	0.001251
180.50	0.001253
180.58	0.001255
180.66	0.001254
180.74	0.001258
180.82	0.001262
180.90	0.001257
180.98	0.001249
181.06	0.001261
181.13	0.001271
181.22	0.001261
181.29	0.001267
181.38	0.001270
181.45	0.001270
181.54	0.001273
181.61	0.001268
181.70	0.001267
181.77	0.001272
181.86	0.001268
181.93	0.001276
182.02	0.001282
182.09	0.001281
182.18	0.001271
182.26	0.001259
182.34	0.001265
182.41	0.001273
182.50	0.001276
182.58	0.001278
182.66	0.001277
182.74	0.001283
182.82	0.001290
182.90	0.001295
182.98	0.001294
183.06	0.001293
183.14	0.001300
183.22	0.001297
183.30	0.001293
183.38	0.001292
183.46	0.001308
183.54	0.001302
183.62	0.001301
183.70	0.001302
183.78	0.001317
183.86	0.001315
183.94	0.001318
184.02	0.001321
184.10	0.001329
184.19	0.001327
184.26	0.001332
184.34	0.001321
184.42	0.001318
184.50	0.001317
184.58	0.001317
184.66	0.001325
184.74	0.001327
184.82	0.001326
184.90	0.001329
184.98	0.001324
185.06	0.001325
185.14	0.001326
185.22	0.001329
185.31	0.001315
185.38	0.001327
185.46	0.001334
185.54	0.001341
185.62	0.001324
185.70	0.001333
185.77	0.001332
185.86	0.001328
185.93	0.001340
186.02	0.001339
186.09	0.001332
186.18	0.001336
186.26	0.001338
186.34	0.001341
186.42	0.001337
186.49	0.001347
186.57	0.001343
186.66	0.001359
186.73	0.001358
186.82	0.001356
186.89	0.001346
186.98	0.001341
187.06	0.001349
187.13	0.001349
187.22	0.001349
187.29	0.001350
187.38	0.001348
187.45	0.001349
187.54	0.001341
187.61	0.001348
187.70	0.001354
187.77	0.001355
187.86	0.001350
187.94	0.001364
188.02	0.001363
188.10	0.001357
188.18	0.001362
188.26	0.001358
188.34	0.001352
188.42	0.001352
188.50	0.001352
188.58	0.001365
188.66	0.001365
188.74	0.001368
188.82	0.001371
188.90	0.001369
188.98	0.001369
189.06	0.001378
189.14	0.001361
189.22	0.001361
189.30	0.001365
189.38	0.001371
189.46	0.001358
189.54	0.001370
189.62	0.001367
189.71	0.001361
189.78	0.001370
189.86	0.001362
189.94	0.001366
190.02	0.001364
190.10	0.001375
190.18	0.001369
190.26	0.001366
190.34	0.001365
190.42	0.001374
190.49	0.001374
190.58	0.001370
190.65	0.001370
190.74	0.001371
190.82	0.001365
190.89	0.001363
190.98	0.001376
191.05	0.001366
191.14	0.001374
191.21	0.001367
191.30	0.001372
191.37	0.001380
191.46	0.001376
191.53	0.001368
191.62	0.001368
191.69	0.001379
191.78	0.001381
191.85	0.001379
191.94	0.001373
192.01	0.001385
192.10	0.001386
192.17	0.001376
192.26	0.001385
192.33	0.001374
192.42	0.001374
192.49	0.001384
192.58	0.001383
192.65	0.001380
192.74	0.001377
192.81	0.001375
192.90	0.001373
192.98	0.001365
193.05	0.001372
193.14	0.001375
193.22	0.001372
193.30	0.001369
193.38	0.001369
193.46	0.001374
193.54	0.001374
193.62	0.001378
193.70	0.001380
193.78	0.001390
193.86	0.001374
193.94	0.001376
194.02	0.001383
194.10	0.001384
194.18	0.001379
194.26	0.001372
194.34	0.001375
194.42	0.001371
194.50	0.001368
194.58	0.001365
194.66	0.001357
194.74	0.001373
194.82	0.001370
194.90	0.001369
194.98	0.001370
195.06	0.001369
195.14	0.001363
195.22	0.001364
195.29	0.001358
195.38	0.001362
195.45	0.001361
195.54	0.001364
195.61	0.001360
195.70	0.001368
195.77	0.001368
195.86	0.001370
195.93	0.001360
196.02	0.001369
196.09	0.001359
196.18	0.001356
196.25	0.001357
196.34	0.001361
196.41	0.001353
196.50	0.001346
196.57	0.001351
196.66	0.001358
196.73	0.001363
196.82	0.001353
196.89	0.001352
196.98	0.001353
197.05	0.001351
197.14	0.001347
197.22	0.001357
197.29	0.001356
197.38	0.001355
197.45	0.001347
197.54	0.001344
197.61	0.001342
197.70	0.001350
197.77	0.001337
197.86	0.001330
197.93	0.001337
198.02	0.001340
198.09	0.001347
198.24	0.001351
198.25	0.001346
198.32	0.001353
198.40	0.001348
198.47	0.001347
198.56	0.001351
198.63	0.001344
198.72	0.001339
198.80	0.001344
198.88	0.001343
198.96	0.001340
199.04	0.001343
199.12	0.001336
199.20	0.001340
199.28	0.001335
199.36	0.001336
199.44	0.001332
199.52	0.001323
199.60	0.001324
199.68	0.001327
199.76	0.001322
199.84	0.001334
199.92	0.001341
200.00	0.001335
200.07	0.001325
200.16	0.001321
200.23	0.001318
200.32	0.001319
200.39	0.001315
200.48	0.001310
200.56	0.001314
200.63	0.001315
200.72	0.001318
200.79	0.001325
200.88	0.001318
200.95	0.001322
201.03	0.001311
201.15	0.001310
201.19	0.001307
201.28	0.001310
201.35	0.001310
201.44	0.001306
201.51	0.001305
201.60	0.001298
201.68	0.001298
201.75	0.001298
201.84	0.001301
201.91	0.001309
202.00	0.001300
202.07	0.001306
202.16	0.001305
202.23	0.001311
202.31	0.001305
202.39	0.001303
202.48	0.001295
202.55	0.001288
202.64	0.001301
202.71	0.001298
202.80	0.001290
202.88	0.001293
202.95	0.001299
203.04	0.001301
203.11	0.001303
203.20	0.001299
203.27	0.001293
203.36	0.001296
203.44	0.001289
203.51	0.001292
203.60	0.001292
203.68	0.001293
203.76	0.001298
203.84	0.001298
203.92	0.001301
204.00	0.001307
204.08	0.001304
204.15	0.001295
204.24	0.001292
204.31	0.001290
204.40	0.001280
204.47	0.001282
204.56	0.001282
204.63	0.001279
204.71	0.001274
204.80	0.001281
204.87	0.001269
204.96	0.001270
205.03	0.001262
205.12	0.001254
205.19	0.001261
205.28	0.001267
205.35	0.001258
205.43	0.001254
205.51	0.001247
205.59	0.001237
205.67	0.001240
205.75	0.001248
205.83	0.001252
205.91	0.001250
205.99	0.001255
206.07	0.001252
206.15	0.001257
206.23	0.001253
206.31	0.001247
206.39	0.001248
206.47	0.001245
206.55	0.001241
206.63	0.001249
206.71	0.001249
206.79	0.001254
206.87	0.001253
206.95	0.001247
207.03	0.001240
207.11	0.001237
207.19	0.001242
207.27	0.001237
207.35	0.001240
207.43	0.001237
207.51	0.001233
207.59	0.001232
207.67	0.001220
207.75	0.001219
207.83	0.001215
207.91	0.001226
207.99	0.001223
208.07	0.001218
208.15	0.001215
208.24	0.001223
208.31	0.001223
208.40	0.001222
208.47	0.001211
208.56	0.001211
208.63	0.001216
208.72	0.001222
208.79	0.001225
208.88	0.001227
208.95	0.001225
209.04	0.001219
209.11	0.001224
209.19	0.001208
209.27	0.001211
209.35	0.001217
209.43	0.001219
209.51	0.001212
209.59	0.001202
209.67	0.001198
209.75	0.001199
209.83	0.001198
209.91	0.001200
209.99	0.001199
210.07	0.001192
210.15	0.001194
210.23	0.001202
210.31	0.001202
210.39	0.001198
210.47	0.001204
210.55	0.001196
210.63	0.001190
210.71	0.001197
210.79	0.001189
210.87	0.001192
210.95	0.001181
211.03	0.001190
211.11	0.001188
211.18	0.001195
211.27	0.001176
211.34	0.001169
211.43	0.001173
211.50	0.001176
211.59	0.001179
211.67	0.001175
211.74	0.001168
211.83	0.001170
211.90	0.001160
211.99	0.001159
212.06	0.001166
212.15	0.001160
212.23	0.001168
212.30	0.001157
212.39	0.001159
212.47	0.001160
212.55	0.001153
212.63	0.001150
212.71	0.001142
212.79	0.001156
212.87	0.001163
212.96	0.001159
213.03	0.001153
213.12	0.001155
213.19	0.001157
213.28	0.001157
213.35	0.001153
213.44	0.001153
213.51	0.001145
213.60	0.001145
213.67	0.001149
213.76	0.001154
213.83	0.001149
213.91	0.001153
214.00	0.001150
214.07	0.001149
214.16	0.001140
214.24	0.001136
214.31	0.001133
214.40	0.001135
214.47	0.001137
214.56	0.001134
214.63	0.001132
214.72	0.001134
214.79	0.001133
214.88	0.001129
214.95	0.001132
215.03	0.001126
215.12	0.001121
215.19	0.001123
215.28	0.001126
215.35	0.001124
215.44	0.001124
215.51	0.001120
215.59	0.001109
215.67	0.001112
215.75	0.001117
215.83	0.001119
215.91	0.001112
215.99	0.001109
216.07	0.001104
216.15	0.001118
216.23	0.001120
216.31	0.001109
216.39	0.001109
216.47	0.001101
216.55	0.001103
216.63	0.001103
216.71	0.001103
216.79	0.001113
216.87	0.001113
216.95	0.001106
217.03	0.001113
217.11	0.001104
217.19	0.001099
217.27	0.001091
217.35	0.001085
217.43	0.001092
217.51	0.001096
217.59	0.001097
217.67	0.001096
217.75	0.001095
217.83	0.001092
217.91	0.001095
217.99	0.001088
218.07	0.001084
218.15	0.001070
218.24	0.001081
218.31	0.001093
218.40	0.001087
218.47	0.001089
218.56	0.001090
218.63	0.001092
218.72	0.001089
218.79	0.001091
218.88	0.001086
218.95	0.001088
219.04	0.001081
219.11	0.001077
219.20	0.001078
219.27	0.001074
219.36	0.001068
219.43	0.001071
219.52	0.001067
219.59	0.001073
219.68	0.001066
219.75	0.001063
219.84	0.001070
219.91	0.001063
220.00	0.001060
220.07	0.001060
220.16	0.001052
220.23	0.001040
220.32	0.001044
220.39	0.001037
220.47	0.001045
220.55	0.001048
220.63	0.001047
220.71	0.001046
220.79	0.001045
220.87	0.001043
220.95	0.001046
221.03	0.001043
221.11	0.001041
221.19	0.001038
221.27	0.001039
221.35	0.001039
221.43	0.001041
221.52	0.001032
221.59	0.001042
221.68	0.001030
221.75	0.001030
221.84	0.001036
221.91	0.001043
222.00	0.001049
222.07	0.001044
222.16	0.001038
222.23	0.001042
222.32	0.001041
222.39	0.001045
222.48	0.001033
222.55	0.001035
222.64	0.001037
222.72	0.001028
222.80	0.001024
222.88	0.001026
222.96	0.001025
223.04	0.001037
223.12	0.001033
223.20	0.001028
223.28	0.001026
223.36	0.001022
223.44	0.001039
223.52	0.001041
223.60	0.001040
223.70	0.001035
223.76	0.001025
223.84	0.001022
223.92	0.001020
224.00	0.001015
224.08	0.001003
224.16	0.001015
224.24	0.001019
224.32	0.001013
224.40	0.001012
224.47	0.000993
224.56	0.000999
224.63	0.001015
224.72	0.001017
224.79	0.001018
224.87	0.001012
224.96	0.001010
225.03	0.000999
225.10	0.000995
225.17	0.000999
225.26	0.000998
225.31	0.001000
225.39	0.000988
225.48	0.000995
225.56	0.000981
225.63	0.000986
225.72	0.000982
225.79	0.000979
225.88	0.000977
225.95	0.000969
226.04	0.000987
226.12	0.000990
226.19	0.000988
226.28	0.000988
226.35	0.000992
226.44	0.000977
226.51	0.000976
226.60	0.000980
226.68	0.000980
226.76	0.000975
226.84	0.000979
226.91	0.000981
227.00	0.000985
227.08	0.000989
227.16	0.000984
227.24	0.000983
227.32	0.000982
227.40	0.000979
227.48	0.000975
227.56	0.000975
227.64	0.000972
227.72	0.000965
227.80	0.000976
227.88	0.000967
227.96	0.000966
228.04	0.000963
228.12	0.000964
228.20	0.000966
228.28	0.000978
228.36	0.000972
228.44	0.000964
228.52	0.000972
228.60	0.000971
228.68	0.000964
228.76	0.000958
228.84	0.000963
228.92	0.000951
229.00	0.000959
229.08	0.000955
229.16	0.000957
229.24	0.000960
229.32	0.000962
229.40	0.000955
229.48	0.000943
229.56	0.000938
229.64	0.000943
229.72	0.000944
229.80	0.000952
229.88	0.000946
229.96	0.000955
230.04	0.000945
230.12	0.000940
230.20	0.000936
230.28	0.000935
230.36	0.000933
230.43	0.000941
230.52	0.000922
230.59	0.000924
230.68	0.000931
230.75	0.000938
230.84	0.000938
230.91	0.000938
231.00	0.000926
231.07	0.000933
231.16	0.000923
231.24	0.000918
231.32	0.000926
231.37	0.000927
231.45	0.000931
231.53	0.000912
231.62	0.000925
231.69	0.000927
231.78	0.000927
231.85	0.000921
231.94	0.000928
232.01	0.000933
232.09	0.000926
232.18	0.000923
232.25	0.000924
232.34	0.000916
232.41	0.000917
232.50	0.000922
232.58	0.000918
232.65	0.000906
232.74	0.000907
232.81	0.000927
232.90	0.000925
232.97	0.000922
233.06	0.000922
233.14	0.000918
233.21	0.000909
233.30	0.000913
233.38	0.000909
233.46	0.000923
233.54	0.000922
233.62	0.000919
233.69	0.000919
233.78	0.000921
233.85	0.000908
233.94	0.000908
234.02	0.000910
234.09	0.000901
234.17	0.000897
234.26	0.000899
234.33	0.000906
234.42	0.000906
234.49	0.000895
234.58	0.000896
234.66	0.000889
234.73	0.000899
234.82	0.000901
234.89	0.000899
234.98	0.000893
235.05	0.000897
235.14	0.000897
235.21	0.000892
235.29	0.000893
235.38	0.000891
235.45	0.000893
235.53	0.000881
235.61	0.000888
235.69	0.000888
235.77	0.000894
235.85	0.000894
235.93	0.000891
236.01	0.000886
236.10	0.000889
236.17	0.000876
236.26	0.000878
236.33	0.000883
236.41	0.000878
236.50	0.000875
236.59	0.000868
236.65	0.000877
236.74	0.000884
236.81	0.000873
236.90	0.000877
236.97	0.000868
237.06	0.000873
237.13	0.000872
237.22	0.000871
237.29	0.000872
237.38	0.000874
237.45	0.000878
237.53	0.000879
237.62	0.000882
237.69	0.000883
237.78	0.000879
237.85	0.000876
237.94	0.000876
238.01	0.000872
238.10	0.000874
238.17	0.000871
238.26	0.000869
238.33	0.000871
238.42	0.000881
238.49	0.000879
238.57	0.000876
238.66	0.000877
238.73	0.000878
238.82	0.000877
238.89	0.000871
238.97	0.000862
239.05	0.000861
239.13	0.000866
239.21	0.000856
239.29	0.000862
239.37	0.000860
239.45	0.000854
239.53	0.000857
239.61	0.000862
239.69	0.000860
239.77	0.000848
239.85	0.000851
239.93	0.000851
240.01	0.000855
240.09	0.000857
240.17	0.000854
240.25	0.000850
240.32	0.000843
240.41	0.000839
240.49	0.000841
240.57	0.000841
240.64	0.000839
240.73	0.000844
240.80	0.000845
240.89	0.000847
240.97	0.000846
241.05	0.000852
241.13	0.000852
241.21	0.000840
241.29	0.000847
241.37	0.000857
241.45	0.000853
241.53	0.000840
241.61	0.000835
241.69	0.000838
241.77	0.000835
241.85	0.000842
241.93	0.000834
242.01	0.000835
242.09	0.000831
242.17	0.000834
242.25	0.000838
242.33	0.000832
242.41	0.000829
242.49	0.000831
242.57	0.000833
242.65	0.000849
242.73	0.000839
242.82	0.000833
242.89	0.000833
242.97	0.000846
243.05	0.000837
243.13	0.000842
243.21	0.000831
243.29	0.000836
243.37	0.000837
243.45	0.000829
243.53	0.000826
243.61	0.000832
243.69	0.000838
243.77	0.000837
243.85	0.000845
243.93	0.000846
244.01	0.000837
244.09	0.000823
244.17	0.000822
244.25	0.000827
244.33	0.000826
244.41	0.000827
244.49	0.000822
244.57	0.000820
244.65	0.000819
244.73	0.000820
244.81	0.000820
244.89	0.000820
244.96	0.000822
245.05	0.000825
245.12	0.000820
245.20	0.000819
245.29	0.000825
245.36	0.000817
245.45	0.000817
245.52	0.000822
245.61	0.000824
245.68	0.000823
245.76	0.000818
245.85	0.000817
245.92	0.000817
246.01	0.000826
246.08	0.000827
246.17	0.000814
246.24	0.000812
246.32	0.000813
246.41	0.000821
246.48	0.000818
246.57	0.000821
246.64	0.000820
246.73	0.000814
246.81	0.000817
246.89	0.000818
246.97	0.000816
247.05	0.000818
247.13	0.000824
247.21	0.000816
247.29	0.000830
247.37	0.000817
247.45	0.000817
247.53	0.000820
247.61	0.000822
247.69	0.000822
247.77	0.000818
247.85	0.000826
247.93	0.000818
248.01	0.000816
248.09	0.000823
248.17	0.000823
248.25	0.000818
248.33	0.000825
248.41	0.000824
248.49	0.000820
248.57	0.000817
248.65	0.000817
248.74	0.000809
248.81	0.000817
248.89	0.000817
248.97	0.000811
249.05	0.000808
249.13	0.000805
249.21	0.000797
249.29	0.000807
249.37	0.000799
249.46	0.000799
249.53	0.000806
249.61	0.000804
249.69	0.000808
249.77	0.000807
249.85	0.000806
249.93	0.000795
250.01	0.000794
250.09	0.000802
250.17	0.000801
250.25	0.000783
250.33	0.000789
250.41	0.000802
250.49	0.000790
250.57	0.000796
250.65	0.000793
250.73	0.000789
250.81	0.000792
250.89	0.000787
250.97	0.000783
251.05	0.000790
251.13	0.000788
251.21	0.000799
251.29	0.000794
251.37	0.000791
251.45	0.000782
251.53	0.000795
251.61	0.000798
251.69	0.000804
251.77	0.000807
251.85	0.000800
251.93	0.000790
252.01	0.000790
252.09	0.000787
252.17	0.000793
252.25	0.000795
252.34	0.000795
252.41	0.000796
252.50	0.000792
252.57	0.000804
252.66	0.000790
252.73	0.000787
252.82	0.000783
252.90	0.000787
252.97	0.000794
253.06	0.000800
253.13	0.000799
253.22	0.000808
253.29	0.000814
253.38	0.000810
253.45	0.000813
253.53	0.000801
253.62	0.000805
253.69	0.000798
253.78	0.000799
253.86	0.000796
253.93	0.000803
254.01	0.000796
254.10	0.000795
254.17	0.000805
254.26	0.000807
254.33	0.000798
254.41	0.000800
254.49	0.000799
254.57	0.000792
254.65	0.000788
254.78	0.000790
254.82	0.000784
254.89	0.000782
254.97	0.000783
255.05	0.000785
255.13	0.000785
255.21	0.000789
255.29	0.000795
255.37	0.000791
255.45	0.000786
255.53	0.000787
255.61	0.000787
255.69	0.000778
255.77	0.000779
255.85	0.000788
255.93	0.000787
256.01	0.000787
256.09	0.000777
256.16	0.000783
256.24	0.000780
256.33	0.000778
256.40	0.000786
256.49	0.000784
256.56	0.000795
256.65	0.000795
256.72	0.000798
256.81	0.000795
256.88	0.000781
256.97	0.000774
257.04	0.000780
257.13	0.000788
257.21	0.000789
257.28	0.000800
257.37	0.000799
257.44	0.000787
257.53	0.000791
257.60	0.000790
257.69	0.000791
257.76	0.000787
257.85	0.000786
257.93	0.000790
258.01	0.000794
258.09	0.000793
258.17	0.000802
258.25	0.000796
258.33	0.000782
258.41	0.000790
258.49	0.000788
258.57	0.000790
258.65	0.000792
258.73	0.000789
258.81	0.000797
258.89	0.000788
258.97	0.000791
259.05	0.000797
259.13	0.000788
259.21	0.000785
259.29	0.000788
259.37	0.000780
259.45	0.000776
259.53	0.000780
259.61	0.000786
259.69	0.000785
259.77	0.000781
259.85	0.000780
259.93	0.000769
260.01	0.000771
260.09	0.000764
260.17	0.000776
260.25	0.000782
260.33	0.000780
260.41	0.000785
260.49	0.000776
260.57	0.000766
260.65	0.000778
260.73	0.000782
260.81	0.000770
260.89	0.000770
260.97	0.000776
261.05	0.000775
261.13	0.000773
261.20	0.000773
261.29	0.000772
261.36	0.000767
261.45	0.000781
261.52	0.000782
261.61	0.000780
261.68	0.000780
261.77	0.000784
261.84	0.000782
261.93	0.000782
262.00	0.000787
262.09	0.000780
262.16	0.000774
262.25	0.000785
262.32	0.000781
262.41	0.000778
262.49	0.000786
262.57	0.000775
262.65	0.000785
262.73	0.000785
262.81	0.000773
262.89	0.000778
262.97	0.000767
263.05	0.000771
263.13	0.000767
263.21	0.000776
263.29	0.000788
263.37	0.000784
263.45	0.000791
263.53	0.000796
263.61	0.000783
263.69	0.000783
263.77	0.000779
263.85	0.000773
263.93	0.000779
264.01	0.000781
264.09	0.000782
264.17	0.000777
264.26	0.000784
264.33	0.000785
264.42	0.000783
264.49	0.000782
264.57	0.000778
264.65	0.000769
264.74	0.000756
264.81	0.000766
264.89	0.000773
264.98	0.000764
265.05	0.000771
265.13	0.000778
265.21	0.000778
265.29	0.000780
265.37	0.000780
265.45	0.000779
265.53	0.000777
265.61	0.000772
265.69	0.000780
265.77	0.000783
265.85	0.000786
265.93	0.000788
266.01	0.000780
266.09	0.000782
266.17	0.000769
266.25	0.000771
266.32	0.000778
266.41	0.000780
266.49	0.000794
266.57	0.000781
266.65	0.000788
266.73	0.000789
266.80	0.000785
266.89	0.000782
266.96	0.000789
267.05	0.000794
267.13	0.000782
267.21	0.000786
267.29	0.000791
267.37	0.000789
267.45	0.000789
267.53	0.000787
267.61	0.000797
267.69	0.000793
267.77	0.000792
267.85	0.000794
267.93	0.000797
268.01	0.000810
268.09	0.000799
268.17	0.000788
268.25	0.000800
268.33	0.000806
268.41	0.000796
268.49	0.000787
268.57	0.000794
268.65	0.000791
268.74	0.000794
268.82	0.000797
268.89	0.000792
268.98	0.000791
269.05	0.000782
269.13	0.000793
269.21	0.000789
269.30	0.000790
269.38	0.000799
269.45	0.000788
269.54	0.000788
269.61	0.000780
269.70	0.000781
269.77	0.000789
269.86	0.000787
269.94	0.000796
270.01	0.000787
270.10	0.000795
270.17	0.000798
270.26	0.000791
270.33	0.000790
270.44	0.000784
270.49	0.000792
270.57	0.000792
270.65	0.000788
270.73	0.000790
270.81	0.000793
270.89	0.000784
270.97	0.000800
271.05	0.000800
271.13	0.000796
271.21	0.000810
271.29	0.000809
271.37	0.000808
271.44	0.000808
271.53	0.000811
271.61	0.000801
271.69	0.000796
271.76	0.000792
271.85	0.000793
271.93	0.000796
272.01	0.000799
272.09	0.000792
272.17	0.000797
272.25	0.000800
272.33	0.000800
272.41	0.000806
272.49	0.000810
272.57	0.000799
272.65	0.000793
272.73	0.000803
272.81	0.000811
272.89	0.000813
272.97	0.000815
273.05	0.000810
273.13	0.000807
273.21	0.000809
273.29	0.000813
273.37	0.000814
273.45	0.000813
273.53	0.000814
273.62	0.000814
273.69	0.000820
273.77	0.000807
273.85	0.000807
273.94	0.000815
274.01	0.000820
274.09	0.000825
274.17	0.000829
274.25	0.000824
274.33	0.000820
274.41	0.000809
274.49	0.000810
274.57	0.000812
274.65	0.000803
274.73	0.000811
274.81	0.000812
274.89	0.000805
274.97	0.000804
275.05	0.000813
275.13	0.000808
275.21	0.000795
275.29	0.000803
275.37	0.000797
275.45	0.000796
275.52	0.000809
275.61	0.000800
275.69	0.000804
275.77	0.000799
275.84	0.000802
275.93	0.000799
276.01	0.000809
276.08	0.000810
276.17	0.000805
276.24	0.000805
276.33	0.000803
276.40	0.000814
276.49	0.000812
276.57	0.000807
276.64	0.000809
276.73	0.000808
276.80	0.000814
276.89	0.000811
276.96	0.000813
277.05	0.000816
277.12	0.000821
277.21	0.000819
277.28	0.000816
277.37	0.000820
277.44	0.000824
277.53	0.000822
277.61	0.000816
277.68	0.000815
277.77	0.000822
277.84	0.000818
277.93	0.000827
278.01	0.000822
278.09	0.000827
278.17	0.000833
278.25	0.000833
278.33	0.000826
278.41	0.000819
278.49	0.000821
278.57	0.000819
278.65	0.000823
278.73	0.000825
278.81	0.000830
278.89	0.000827
278.97	0.000830
279.05	0.000833
279.13	0.000824
279.21	0.000832
279.29	0.000833
279.37	0.000824
279.45	0.000811
279.52	0.000815
279.61	0.000819
279.68	0.000824
279.76	0.000824
279.85	0.000834
279.92	0.000831
280.01	0.000827
280.08	0.000831
280.17	0.000827
280.24	0.000823
280.33	0.000819
280.40	0.000819
280.48	0.000824
280.57	0.000816
280.64	0.000819
280.73	0.000811
280.80	0.000827
280.88	0.000845
280.96	0.000824
281.04	0.000827
281.13	0.000825
281.20	0.000828
281.28	0.000822
281.36	0.000828
281.44	0.000814
281.52	0.000823
281.62	0.000838
281.68	0.000838
281.76	0.000846
281.84	0.000837
281.92	0.000833
282.00	0.000831
282.08	0.000842
282.16	0.000838
282.24	0.000838
282.32	0.000844
282.40	0.000839
282.49	0.000848
282.56	0.000853
282.64	0.000850
282.72	0.000844
282.81	0.000852
282.88	0.000858
282.97	0.000854
283.04	0.000864
283.13	0.000858
283.20	0.000857
283.29	0.000864
283.36	0.000861
283.45	0.000869
283.52	0.000871
283.60	0.000870
283.69	0.000863
283.76	0.000868
283.85	0.000864
283.92	0.000860
284.01	0.000857
284.08	0.000860
284.16	0.000868
284.25	0.000863
284.32	0.000869
284.41	0.000849
284.48	0.000849
284.56	0.000848
284.65	0.000864
284.72	0.000860
284.81	0.000857
284.88	0.000856
284.97	0.000857
285.04	0.000863
285.13	0.000862
285.20	0.000852
285.28	0.000861
285.37	0.000861
285.44	0.000866
285.52	0.000867
285.60	0.000872
285.68	0.000866
285.76	0.000870
285.84	0.000871
285.92	0.000869
286.00	0.000876
286.08	0.000880
286.16	0.000868
286.24	0.000882
286.33	0.000888
286.41	0.000876
286.48	0.000886
286.57	0.000886
286.64	0.000888
286.73	0.000888
286.80	0.000886
286.88	0.000876
286.96	0.000878
287.05	0.000893
287.12	0.000891
287.21	0.000887
287.28	0.000892
287.37	0.000888
287.44	0.000898
287.52	0.000890
287.60	0.000903
287.68	0.000901
287.77	0.000907
287.84	0.000903
287.93	0.000901
288.01	0.000911
288.08	0.000915
288.17	0.000917
288.24	0.000915
288.33	0.000910
288.40	0.000913
288.49	0.000918
288.57	0.000909
288.65	0.000906
288.73	0.000905
288.81	0.000894
288.89	0.000900
288.97	0.000896
289.05	0.000900
289.13	0.000900
289.21	0.000905
289.29	0.000905
289.37	0.000909
289.45	0.000909
289.53	0.000904
289.61	0.000914
289.69	0.000910
289.77	0.000916
289.85	0.000916
289.93	0.000922
290.01	0.000923
290.08	0.000916
290.17	0.000934
290.25	0.000935
290.32	0.000928
290.41	0.000930
290.49	0.000920
290.56	0.000929
290.65	0.000926
290.72	0.000929
290.81	0.000937
290.88	0.000921
290.97	0.000924
291.04	0.000922
291.12	0.000929
291.21	0.000939
291.28	0.000942
291.37	0.000944
291.44	0.000935
291.52	0.000937
291.60	0.000937
291.68	0.000938
291.76	0.000945
291.84	0.000951
291.92	0.000947
292.00	0.000957
292.08	0.000957
292.17	0.000957
292.24	0.000960
292.32	0.000958
292.40	0.000967
292.48	0.000967
292.57	0.000978
292.64	0.000977
292.73	0.000978
292.80	0.000975
292.89	0.000976
292.96	0.000984
293.05	0.000983
293.15	0.000990
293.20	0.000988
293.29	0.000981
293.36	0.000983
293.45	0.000983
293.52	0.000983
293.60	0.000989
293.69	0.000990
293.77	0.000979
293.85	0.000977
293.93	0.000975
294.01	0.000984
294.09	0.000992
294.17	0.000993
294.25	0.000995
294.33	0.000992
294.40	0.000990
294.49	0.000990
294.57	0.000996
294.65	0.000994
294.73	0.000990
294.81	0.001000
294.89	0.000998
294.96	0.001011
295.05	0.001004
295.12	0.001012
295.20	0.001001
295.29	0.001002
295.36	0.001008
295.45	0.001013
295.52	0.001015
295.61	0.001013
295.68	0.001022
295.76	0.001026
295.85	0.001029
295.92	0.001028
296.01	0.001040
296.08	0.001026
296.17	0.001030
296.24	0.001039
296.32	0.001035
296.41	0.001038
296.48	0.001042
296.57	0.001042
296.64	0.001045
296.73	0.001048
296.81	0.001061
296.88	0.001055
296.97	0.001053
297.05	0.001061
297.13	0.001064
297.21	0.001060
297.29	0.001060
297.37	0.001061
297.45	0.001078
297.53	0.001075
297.61	0.001078
297.69	0.001061
297.77	0.001068
297.85	0.001088
297.93	0.001091
298.01	0.001088
298.09	0.001095
298.17	0.001098
298.26	0.001099
298.33	0.001106
298.42	0.001104
298.49	0.001096
298.58	0.001100
298.65	0.001098
298.74	0.001093
298.81	0.001090
298.90	0.001100
298.97	0.001102
299.05	0.001100
299.14	0.001100
299.21	0.001105
299.30	0.001109
299.37	0.001110
299.45	0.001126
299.53	0.001130
299.61	0.001131
299.69	0.001127
299.77	0.001116
299.85	0.001130
299.93	0.001127
300.01	0.001128
300.09	0.001130
300.17	0.001133
300.25	0.001144
300.33	0.001146
300.41	0.001149
300.49	0.001141
300.57	0.001150
300.65	0.001156
300.73	0.001164
300.81	0.001165
300.88	0.001159
300.97	0.001159
301.05	0.001167
301.13	0.001170
301.21	0.001174
301.29	0.001167
301.37	0.001179
301.45	0.001183
301.53	0.001189
301.61	0.001177
301.69	0.001192
301.77	0.001188
301.85	0.001193
301.93	0.001199
302.01	0.001204
302.09	0.001210
302.17	0.001209
302.26	0.001214
302.33	0.001208
302.42	0.001231
302.49	0.001229
302.58	0.001232
302.65	0.001234
302.74	0.001230
302.81	0.001250
302.90	0.001248
302.98	0.001251
303.05	0.001256
303.14	0.001265
303.21	0.001271
303.30	0.001283
303.37	0.001268
303.45	0.001272
303.54	0.001267
303.61	0.001272
303.69	0.001283
303.78	0.001276
303.85	0.001279
303.94	0.001282
304.01	0.001272
304.10	0.001277
304.17	0.001285
304.26	0.001292
304.38	0.001304
304.41	0.001299
304.50	0.001302
304.57	0.001314
304.66	0.001319
304.73	0.001323
304.81	0.001320
304.90	0.001312
304.97	0.001319
305.06	0.001314
305.13	0.001328
305.21	0.001321
305.29	0.001330
305.37	0.001346
305.45	0.001354
305.53	0.001357
305.61	0.001358
305.69	0.001365
305.77	0.001376
305.85	0.001378
305.93	0.001382
306.01	0.001390
306.09	0.001390
306.17	0.001395
306.25	0.001394
306.33	0.001391
306.41	0.001395
306.50	0.001399
306.57	0.001399
306.65	0.001400
306.73	0.001418
306.81	0.001434
306.90	0.001446
306.97	0.001456
307.06	0.001449
307.13	0.001460
307.22	0.001459
307.29	0.001467
307.38	0.001474
307.45	0.001482
307.54	0.001479
307.61	0.001488
307.70	0.001496
307.77	0.001506
307.86	0.001513
307.93	0.001513
308.02	0.001527
308.09	0.001542
308.18	0.001540
308.25	0.001539
308.34	0.001555
308.42	0.001554
308.49	0.001558
308.58	0.001553
308.65	0.001551
308.74	0.001552
308.81	0.001558
308.89	0.001571
308.97	0.001582
309.06	0.001590
309.13	0.001586
309.21	0.001594
309.29	0.001596
309.37	0.001598
309.45	0.001606
309.53	0.001615
309.61	0.001620
309.69	0.001640
309.77	0.001638
309.85	0.001643
309.93	0.001636
310.01	0.001654
310.09	0.001659
310.17	0.001659
310.25	0.001666
310.33	0.001674
310.40	0.001682
310.49	0.001692
310.57	0.001711
310.64	0.001711
310.73	0.001717
310.80	0.001727
310.89	0.001728
310.96	0.001749
311.05	0.001759
311.13	0.001759
311.20	0.001766
311.29	0.001763
311.37	0.001773
311.45	0.001782
311.53	0.001780
311.61	0.001799
311.69	0.001803
311.77	0.001813
311.85	0.001830
311.93	0.001841
312.01	0.001848
312.09	0.001868
312.17	0.001877
312.25	0.001892
312.33	0.001907
312.41	0.001903
312.49	0.001913
312.57	0.001934
312.65	0.001941
312.74	0.001943
312.82	0.001961
312.89	0.001972
312.98	0.001984
313.05	0.001996
313.13	0.002015
313.21	0.002022
313.29	0.002015
313.37	0.002030
313.45	0.002034
313.53	0.002047
313.61	0.002054
313.69	0.002060
313.77	0.002068
313.85	0.002077
313.93	0.002088
314.01	0.002112
314.09	0.002118
314.17	0.002120
314.25	0.002138
314.33	0.002149
314.41	0.002159
314.49	0.002170
314.57	0.002187
314.65	0.002196
314.75	0.002200
314.80	0.002211
314.89	0.002235
314.96	0.002243
315.04	0.002256
315.13	0.002283
315.20	0.002291
315.29	0.002297
315.36	0.002312
315.45	0.002333
315.52	0.002347
315.64	0.002364
315.69	0.002375
315.77	0.002383
315.84	0.002403
315.93	0.002418
316.00	0.002434
316.09	0.002455
316.16	0.002471
316.25	0.002475
316.32	0.002477
316.41	0.002494
316.48	0.002516
316.57	0.002537
316.64	0.002555
316.73	0.002583
316.80	0.002607
316.89	0.002634
316.96	0.002641
317.05	0.002662
317.12	0.002683
317.20	0.002708
317.29	0.002728
317.37	0.002758
317.45	0.002786
317.52	0.002815
317.61	0.002835
317.69	0.002847
317.76	0.002865
317.85	0.002900
317.93	0.002918
318.00	0.002929
318.09	0.002941
318.16	0.002960
318.25	0.002990
318.32	0.003007
318.41	0.003027
318.48	0.003043
318.57	0.003062
318.64	0.003094
318.73	0.003125
318.80	0.003140
318.88	0.003160
318.97	0.003184
319.04	0.003209
319.13	0.003227
319.20	0.003249
319.29	0.003279
319.36	0.003305
319.44	0.003343
319.52	0.003368
319.60	0.003395
319.69	0.003412
319.76	0.003437
319.84	0.003459
319.92	0.003493
320.00	0.003509
320.08	0.003549
320.16	0.003577
320.25	0.003608
320.32	0.003632
320.41	0.003672
320.48	0.003702
320.56	0.003723
320.65	0.003767
320.72	0.003793
320.81	0.003833
320.88	0.003870
320.97	0.003894
321.04	0.003915
321.13	0.003936
321.20	0.003970
321.29	0.003993
321.36	0.004034
321.45	0.004076
321.52	0.004117
321.60	0.004165
321.69	0.004199
321.76	0.004242
321.85	0.004299
321.93	0.004335
322.01	0.004362
322.08	0.004408
322.17	0.004433
322.25	0.004469
322.32	0.004517
322.40	0.004570
322.49	0.004614
322.57	0.004658
322.65	0.004696
322.73	0.004745
322.81	0.004791
322.88	0.004826
322.97	0.004870
323.05	0.004896
323.13	0.004928
323.20	0.004970
323.28	0.004992
323.37	0.005046
323.44	0.005094
323.53	0.005135
323.60	0.005179
323.68	0.005225
323.77	0.005276
323.84	0.005310
323.93	0.005360
324.00	0.005392
324.09	0.005434
324.16	0.005474
324.25	0.005518
324.32	0.005576
324.41	0.005626
324.49	0.005676
324.57	0.005723
324.64	0.005773
324.73	0.005811
324.80	0.005863
324.89	0.005908
324.96	0.005954
325.05	0.006014
325.13	0.006060
325.21	0.006105
325.29	0.006162
325.37	0.006211
325.45	0.006270
325.53	0.006315
325.61	0.006367
325.69	0.006426
325.77	0.006481
325.85	0.006537
325.93	0.006587
326.01	0.006629
326.09	0.006653
326.17	0.006692
326.25	0.006746
326.33	0.006801
326.41	0.006868
326.49	0.006944
326.57	0.007026
326.65	0.007102
326.73	0.007164
326.82	0.007220
326.89	0.007279
326.99	0.007344
327.06	0.007406
327.13	0.007469
327.21	0.007532
327.30	0.007593
327.37	0.007640
327.45	0.007699
327.53	0.007764
327.62	0.007828
327.69	0.007883
327.77	0.007940
327.85	0.008006
327.94	0.008063
328.01	0.008114
328.09	0.008168
328.17	0.008236
328.25	0.008295
328.33	0.008343
328.41	0.008405
328.49	0.008469
328.57	0.008534
328.65	0.008584
328.73	0.008638
328.81	0.008704
328.89	0.008760
328.97	0.008827
329.05	0.008889
329.13	0.008953
329.21	0.009009
329.29	0.009065
329.37	0.009148
329.44	0.009210
329.53	0.009267
329.60	0.009338
329.69	0.009394
329.76	0.009460
329.85	0.009518
329.92	0.009576
330.01	0.009634
330.08	0.009687
330.17	0.009752
330.25	0.009812
330.33	0.009878
330.41	0.009945
330.49	0.010016
330.57	0.010075
330.65	0.010147
330.73	0.010231
330.81	0.010280
330.89	0.010328
330.97	0.010366
331.05	0.010392
331.13	0.010441
331.21	0.010487
331.29	0.010556
331.37	0.010638
331.45	0.010731
331.53	0.010820
331.61	0.010897
331.69	0.010983
331.77	0.011055
331.86	0.011119
331.93	0.011186
332.01	0.011241
332.10	0.011301
332.17	0.011355
332.26	0.011412
332.33	0.011474
332.42	0.011537
332.49	0.011589
332.57	0.011662
332.65	0.011716
332.73	0.011783
332.82	0.011832
332.89	0.011892
332.98	0.011937
333.05	0.011990
333.13	0.012028
333.21	0.012062
333.29	0.012119
333.37	0.012179
333.45	0.012256
333.53	0.012302
333.61	0.012356
333.69	0.012402
333.77	0.012449
333.85	0.012502
333.93	0.012554
334.01	0.012599
334.09	0.012635
334.17	0.012685
334.25	0.012744
334.33	0.012796
334.40	0.012840
334.49	0.012893
334.56	0.012942
334.65	0.012996
334.72	0.013054
334.81	0.013100
334.88	0.013145
334.96	0.013182
335.05	0.013221
335.13	0.013263
335.21	0.013287
335.29	0.013336
335.37	0.013365
335.45	0.013408
335.53	0.013454
335.61	0.013496
335.69	0.013537
335.77	0.013576
335.85	0.013608
335.93	0.013625
336.01	0.013616
336.09	0.013602
336.17	0.013620
336.25	0.013647
336.33	0.013690
336.41	0.013741
336.49	0.013788
336.57	0.013844
336.63	0.013894
336.70	0.013934
336.79	0.013958
336.87	0.013986
336.95	0.014007
337.02	0.014010
337.11	0.014024
337.18	0.014024
337.27	0.014038
337.34	0.014044
337.43	0.014058
337.50	0.014065
337.59	0.014087
337.66	0.014099
337.75	0.014116
337.82	0.014128
337.91	0.014140
337.98	0.014124
338.07	0.014126
338.14	0.014120
338.22	0.014121
338.31	0.014126
338.38	0.014122
338.46	0.014124
338.54	0.014119
338.62	0.014114
338.70	0.014116
338.78	0.014104
338.86	0.014091
338.94	0.014094
339.02	0.014088
339.10	0.014088
339.18	0.014069
339.26	0.014057
339.34	0.014032
339.42	0.014023
339.50	0.014010
339.57	0.013986
339.66	0.013965
339.74	0.013959
339.82	0.013944
339.90	0.013929
339.98	0.013910
340.06	0.013885
340.14	0.013853
340.22	0.013830
340.30	0.013800
340.38	0.013763
340.46	0.013723
340.54	0.013699
340.62	0.013665
340.70	0.013637
340.78	0.013599
340.86	0.013559
340.94	0.013494
341.02	0.013432
341.10	0.013380
341.18	0.013344
341.26	0.013302
341.35	0.013263
341.42	0.013225
341.51	0.013195
341.58	0.013158
341.67	0.013121
341.74	0.013068
341.83	0.013025
341.90	0.012971
341.98	0.012906
342.07	0.012847
342.14	0.012795
342.23	0.012739
342.30	0.012676
342.38	0.012616
342.46	0.012554
342.54	0.012511
342.62	0.012441
342.70	0.012381
342.78	0.012329
342.86	0.012273
342.94	0.012226
343.02	0.012167
343.10	0.012093
343.18	0.012036
343.26	0.011970
343.34	0.011908
343.42	0.011847
343.50	0.011782
343.58	0.011718
343.66	0.011652
343.74	0.011579
343.82	0.011518
343.89	0.011460
343.98	0.011397
344.05	0.011328
344.14	0.011257
344.22	0.011203
344.29	0.011133
344.38	0.011070
344.45	0.010999
344.54	0.010934
344.61	0.010860
344.70	0.010797
344.77	0.010725
344.86	0.010659
344.93	0.010596
345.02	0.010519
345.06	0.010456
345.14	0.010391
345.21	0.010312
345.30	0.010248
345.37	0.010181
345.46	0.010113
345.53	0.010038
345.62	0.009960
345.70	0.009883
345.77	0.009808
345.86	0.009738
345.94	0.009659
346.02	0.009590
346.10	0.009517
346.18	0.009444
346.26	0.009375
346.34	0.009299
346.42	0.009218
346.50	0.009145
346.58	0.009076
346.66	0.008998
346.74	0.008920
346.82	0.008852
346.90	0.008773
346.98	0.008686
347.06	0.008618
347.14	0.008552
347.22	0.008486
347.30	0.008429
347.38	0.008340
347.46	0.008282
347.54	0.008208
347.62	0.008148
347.70	0.008086
347.78	0.008017
347.86	0.007961
347.94	0.007897
348.02	0.007832
348.10	0.007770
348.18	0.007711
348.26	0.007649
348.33	0.007584
348.42	0.007521
348.50	0.007463
348.57	0.007409
348.65	0.007341
348.74	0.007271
348.81	0.007208
348.90	0.007138
348.97	0.007074
349.06	0.007019
349.13	0.006962
349.21	0.006913
349.30	0.006858
349.37	0.006806
349.46	0.006749
349.53	0.006695
349.62	0.006637
349.70	0.006587
349.77	0.006532
349.86	0.006472
349.93	0.006417
350.02	0.006369
350.09	0.006313
350.18	0.006255
350.26	0.006205
350.33	0.006159
350.41	0.006101
350.50	0.006056
350.57	0.006000
350.66	0.005962
350.73	0.005935
350.82	0.005890
350.89	0.005842
350.98	0.005797
351.06	0.005743
351.14	0.005692
351.21	0.005640
351.30	0.005581
351.38	0.005523
351.46	0.005459
351.54	0.005408
351.62	0.005372
351.70	0.005310
351.78	0.005256
351.86	0.005210
351.94	0.005171
352.02	0.005142
352.10	0.005101
352.18	0.005055
352.26	0.005012
352.34	0.004972
352.42	0.004936
352.50	0.004884
352.59	0.004845
352.66	0.004803
352.74	0.004760
352.82	0.004726
352.90	0.004693
352.98	0.004652
353.06	0.004626
353.14	0.004593
353.21	0.004551
353.30	0.004520
353.37	0.004487
353.46	0.004453
353.53	0.004405
353.62	0.004390
353.69	0.004358
353.78	0.004325
353.85	0.004297
353.94	0.004259
354.01	0.004228
354.10	0.004183
354.17	0.004148
354.26	0.004109
354.33	0.004077
354.42	0.004057
354.50	0.004031
354.58	0.004002
354.66	0.003983
354.74	0.003952
354.82	0.003923
354.90	0.003894
354.98	0.003872
355.06	0.003821
355.14	0.003792
355.22	0.003784
355.30	0.003751
355.38	0.003725
355.46	0.003690
355.54	0.003673
355.62	0.003662
355.70	0.003657
355.78	0.003642
355.87	0.003625
355.94	0.003603
356.03	0.003570
356.10	0.003531
356.19	0.003499
356.26	0.003463
356.35	0.003431
356.42	0.003396
356.51	0.003357
356.58	0.003338
356.67	0.003326
356.74	0.003316
356.83	0.003289
356.90	0.003260
356.99	0.003244
357.07	0.003223
357.14	0.003192
357.23	0.003182
357.30	0.003156
357.39	0.003132
357.46	0.003116
357.55	0.003093
357.63	0.003074
357.70	0.003060
357.78	0.003038
357.86	0.003022
357.94	0.003005
358.02	0.002985
358.10	0.002967
358.18	0.002944
358.26	0.002912
358.34	0.002892
358.42	0.002876
358.50	0.002863
358.58	0.002859
358.66	0.002855
358.74	0.002835
358.82	0.002818
358.90	0.002802
358.98	0.002786
359.06	0.002760
359.14	0.002743
359.22	0.002730
359.30	0.002713
359.38	0.002694
359.46	0.002683
359.54	0.002663
359.62	0.002654
359.70	0.002638
359.78	0.002621
359.86	0.002612
359.94	0.002601
360.02	0.002595
360.10	0.002582
360.19	0.002571
360.26	0.002544
360.35	0.002531
360.42	0.002517
360.51	0.002504
360.58	0.002502
360.67	0.002510
360.75	0.002505
360.83	0.002506
360.91	0.002501
360.99	0.002481
361.07	0.002467
361.15	0.002432
361.23	0.002405
361.31	0.002397
361.39	0.002375
361.47	0.002350
361.55	0.002338
361.63	0.002318
361.71	0.002313
361.79	0.002308
361.87	0.002311
361.95	0.002298
362.03	0.002286
362.11	0.002273
362.19	0.002255
362.27	0.002246
362.35	0.002237
362.43	0.002219
362.51	0.002210
362.59	0.002203
362.67	0.002202
362.75	0.002182
362.83	0.002179
362.90	0.002163
362.99	0.002149
363.07	0.002138
363.15	0.002129
363.23	0.002124
363.31	0.002113
363.38	0.002096
363.46	0.002095
363.55	0.002082
363.62	0.002079
363.71	0.002061
363.78	0.002058
363.87	0.002056
363.94	0.002042
364.02	0.002039
364.11	0.002033
364.18	0.002017
364.27	0.002016
364.34	0.001993
364.43	0.001974
364.51	0.001972
364.59	0.001954
364.67	0.001961
364.75	0.001942
364.83	0.001946
364.91	0.001941
364.99	0.001941
365.07	0.001933
365.15	0.001930
365.23	0.001916
365.31	0.001903
365.39	0.001891
365.47	0.001887
365.55	0.001892
365.63	0.001906
365.71	0.001913
365.79	0.001917
365.87	0.001913
365.95	0.001906
366.03	0.001884
366.11	0.001867
366.19	0.001855
366.27	0.001841
366.35	0.001827
366.43	0.001820
366.51	0.001803
366.59	0.001785
366.67	0.001774
366.75	0.001775
366.83	0.001782
366.90	0.001772
366.99	0.001764
367.06	0.001769
367.15	0.001766
367.22	0.001750
367.30	0.001747
367.39	0.001746
367.46	0.001737
367.55	0.001728
367.62	0.001709
367.71	0.001705
367.78	0.001708
367.86	0.001688
367.95	0.001674
368.02	0.001681
368.11	0.001665
368.18	0.001658
368.26	0.001666
368.35	0.001665
368.42	0.001661
368.50	0.001658
368.58	0.001648
368.66	0.001641
368.74	0.001621
368.82	0.001616
368.90	0.001613
368.98	0.001607
369.06	0.001599
369.14	0.001597
369.23	0.001597
369.30	0.001594
369.38	0.001595
369.46	0.001588
369.54	0.001586
369.63	0.001585
369.70	0.001574
369.79	0.001568
369.86	0.001565
369.95	0.001551
370.02	0.001552
370.11	0.001540
370.18	0.001543
370.27	0.001529
370.34	0.001528
370.43	0.001518
370.50	0.001521
370.59	0.001528
370.66	0.001546
370.75	0.001554
370.82	0.001549
370.91	0.001546
370.98	0.001525
371.07	0.001507
371.14	0.001492
371.23	0.001476
371.30	0.001467
371.39	0.001469
371.46	0.001460
371.55	0.001455
371.62	0.001460
371.70	0.001450
371.79	0.001450
371.86	0.001446
371.95	0.001438
372.02	0.001434
372.10	0.001426
372.18	0.001423
372.26	0.001422
372.35	0.001419
372.42	0.001415
372.51	0.001413
372.58	0.001408
372.67	0.001396
372.74	0.001391
372.82	0.001388
372.90	0.001376
372.98	0.001366
373.06	0.001346
373.14	0.001350
373.22	0.001348
373.30	0.001344
373.38	0.001357
373.46	0.001354
373.54	0.001351
373.62	0.001338
373.70	0.001324
373.78	0.001331
373.86	0.001313
373.94	0.001305
374.02	0.001295
374.10	0.001295
374.18	0.001296
374.26	0.001297
374.34	0.001290
374.42	0.001295
374.50	0.001280
374.58	0.001278
374.66	0.001269
374.81	0.001258
374.83	0.001263
374.90	0.001260
374.98	0.001259
375.06	0.001260
375.14	0.001252
375.22	0.001249
375.30	0.001246
375.38	0.001244
375.46	0.001243
375.54	0.001250
375.62	0.001259
375.70	0.001267
375.78	0.001255
375.86	0.001249
375.94	0.001237
376.02	0.001220
376.10	0.001218
376.16	0.001200
376.24	0.001196
376.32	0.001195
376.40	0.001184
376.48	0.001179
376.56	0.001176
376.64	0.001186
376.72	0.001192
376.80	0.001180
376.88	0.001169
376.96	0.001167
377.04	0.001153
377.12	0.001147
377.20	0.001152
377.28	0.001153
377.37	0.001138
377.44	0.001129
377.52	0.001124
377.60	0.001114
377.69	0.001125
377.76	0.001111
377.85	0.001105
377.92	0.001099
378.00	0.001094
378.08	0.001085
378.16	0.001083
378.24	0.001087
378.32	0.001077
378.40	0.001068
378.48	0.001077
378.56	0.001067
378.64	0.001062
378.72	0.001051
378.80	0.001040
378.88	0.001034
378.96	0.001029
379.04	0.001023
379.12	0.001027
379.20	0.001023
379.28	0.001027
379.36	0.001018
379.44	0.001013
379.52	0.001018
379.59	0.001015
379.68	0.001008
379.75	0.001002
379.84	0.000998
379.91	0.000994
379.99	0.000985
380.08	0.000986
380.15	0.000976
380.24	0.000976
380.32	0.000981
380.40	0.000982
380.48	0.000992
380.56	0.000999
380.64	0.000995
380.72	0.000998
380.80	0.000985
380.88	0.000972
380.96	0.000965
381.04	0.000956
381.12	0.000941
381.20	0.000923
381.28	0.000909
381.36	0.000916
381.44	0.000918
381.52	0.000920
381.60	0.000915
381.69	0.000910
381.76	0.000916
381.85	0.000907
381.92	0.000901
382.01	0.000889
382.08	0.000893
382.16	0.000898
382.25	0.000879
382.32	0.000888
382.41	0.000873
382.48	0.000856
382.57	0.000855
382.64	0.000850
382.72	0.000843
382.81	0.000833
382.88	0.000835
382.96	0.000826
383.04	0.000828
383.13	0.000820
383.20	0.000823
383.28	0.000818
383.36	0.000818
383.44	0.000818
383.52	0.000800
383.60	0.000791
383.68	0.000778
383.76	0.000781
383.84	0.000766
383.92	0.000766
384.00	0.000767
384.08	0.000767
384.16	0.000761
384.24	0.000751
384.32	0.000759
384.40	0.000745
384.48	0.000750
384.56	0.000750
384.64	0.000736
384.71	0.000731
384.80	0.000721
384.87	0.000719
384.96	0.000721
385.04	0.000720
385.12	0.000712
385.19	0.000702
385.28	0.000707
385.36	0.000702
385.44	0.000707
385.52	0.000713
385.60	0.000724
385.68	0.000726
385.76	0.000710
385.84	0.000699
385.92	0.000693
386.00	0.000677
386.08	0.000673
386.16	0.000658
386.24	0.000645
386.32	0.000643
386.41	0.000636
386.48	0.000637
386.56	0.000644
386.64	0.000641
386.72	0.000649
386.81	0.000635
386.88	0.000625
386.96	0.000621
387.05	0.000629
387.13	0.000617
387.20	0.000604
387.29	0.000607
387.36	0.000611
387.45	0.000605
387.52	0.000601
387.61	0.000602
387.68	0.000595
387.77	0.000586
387.84	0.000571
387.93	0.000572
388.00	0.000565
388.08	0.000572
388.16	0.000575
388.25	0.000570
388.32	0.000564
388.40	0.000549
388.48	0.000542
388.56	0.000543
388.64	0.000541
388.72	0.000539
388.80	0.000523
388.88	0.000524
388.96	0.000525
389.04	0.000515
389.12	0.000509
389.20	0.000497
389.28	0.000491
389.36	0.000499
389.44	0.000491
389.52	0.000485
389.60	0.000474
389.68	0.000492
389.76	0.000483
389.84	0.000481
389.91	0.000472
390.00	0.000470
390.07	0.000463
390.16	0.000448
390.24	0.000450
390.32	0.000450
390.40	0.000452
390.48	0.000454
390.56	0.000456
390.64	0.000460
390.72	0.000457
390.80	0.000453
390.88	0.000438
390.96	0.000422
391.04	0.000417
391.12	0.000411
391.20	0.000409
391.28	0.000400
391.36	0.000400
391.44	0.000407
391.52	0.000392
391.60	0.000395
391.68	0.000396
391.76	0.000392
391.84	0.000389
391.93	0.000392
392.01	0.000384
392.08	0.000381
392.17	0.000370
392.24	0.000365
392.33	0.000362
392.40	0.000360
392.49	0.000358
392.56	0.000345
392.64	0.000340
392.73	0.000335
392.80	0.000331
392.89	0.000329
392.96	0.000318
393.05	0.000312
393.12	0.000302
393.20	0.000307
393.28	0.000300
393.36	0.000298
393.44	0.000300
393.52	0.000293
393.60	0.000285
393.68	0.000291
393.76	0.000293
393.84	0.000291
393.92	0.000282
394.00	0.000274
394.08	0.000265
394.16	0.000264
394.24	0.000268
394.32	0.000255
394.40	0.000255
394.48	0.000252
394.56	0.000254
394.63	0.000260
394.72	0.000250
394.79	0.000247
394.88	0.000257
394.95	0.000248
395.04	0.000243
395.12	0.000235
395.20	0.000226
395.27	0.000221
395.36	0.000220
395.44	0.000226
395.52	0.000228
395.60	0.000236
395.68	0.000227
395.76	0.000218
395.85	0.000222
395.92	0.000204
396.01	0.000196
396.08	0.000191
396.17	0.000191
396.24	0.000184
396.33	0.000194
396.41	0.000186
396.48	0.000184
396.57	0.000190
396.64	0.000188
396.73	0.000187
396.81	0.000175
396.89	0.000171
396.96	0.000174
397.05	0.000169
397.13	0.000164
397.20	0.000153
397.29	0.000152
397.37	0.000147
397.45	0.000149
397.53	0.000151
397.61	0.000143
397.69	0.000138
397.77	0.000130
397.85	0.000137
397.93	0.000128
398.01	0.000132
398.08	0.000125
398.17	0.000124
398.25	0.000117
398.33	0.000103
398.40	0.000113
398.49	0.000112
398.56	0.000105
398.65	0.000108
398.72	0.000109
398.81	0.000106
398.88	0.000104
398.97	0.000107
399.04	0.000091
399.13	0.000097
399.20	0.000085
399.29	0.000082
399.36	0.000088
399.45	0.000077
399.52	0.000073
399.60	0.000078
399.68	0.000078
399.76	0.000081
399.84	0.000070
399.93	0.000076
400.00	0.000069
400.08	0.000064
400.16	0.000053
400.24	0.000059
400.33	0.000070
400.40	0.000072
400.49	0.000074
400.56	0.000070
400.65	0.000068
400.72	0.000060
400.80	0.000051
400.89	0.000043
400.96	0.000042
401.04	0.000033
401.13	0.000039
401.20	0.000036
401.29	0.000028
401.36	0.000023
401.45	0.000016
401.52	0.000021
401.61	0.000025
401.69	0.000024
401.77	0.000021
401.85	0.000028
401.93	0.000013
402.01	0.000024
402.09	0.000013
402.17	0.000015
402.25	0.000015
402.33	0.000016
402.41	0.000009
402.49	0.000002
402.57	0.000003
402.65	-0.000004
402.73	-0.000003
402.81	-0.000010
402.89	-0.000014
402.97	-0.000015
403.05	-0.000009
403.13	-0.000011
403.20	-0.000015
403.29	-0.000017
403.37	-0.000025
403.45	-0.000025
403.52	-0.000028
403.61	-0.000026
403.68	-0.000036
403.77	-0.000031
403.84	-0.000029
403.93	-0.000025
404.00	-0.000028
404.08	-0.000033
404.17	-0.000027
404.24	-0.000027
404.33	-0.000030
404.40	-0.000029
404.49	-0.000029
404.56	-0.000034
404.64	-0.000036
404.73	-0.000048
404.80	-0.000047
404.88	-0.000042
404.96	-0.000029
405.05	-0.000037
405.13	-0.000040
405.20	-0.000046
405.29	-0.000046
405.36	-0.000042
405.45	-0.000039
405.52	-0.000043
405.61	-0.000059
405.68	-0.000052
405.76	-0.000055
405.85	-0.000050
405.92	-0.000047
406.01	-0.000052
406.08	-0.000057
406.17	-0.000062
406.24	-0.000069
406.33	-0.000074
406.41	-0.000072
406.49	-0.000077
406.57	-0.000074
406.64	-0.000081
406.73	-0.000080
406.81	-0.000070
406.89	-0.000076
406.96	-0.000077
407.05	-0.000070
407.13	-0.000072
407.21	-0.000072
407.28	-0.000082
407.37	-0.000087
407.45	-0.000091
407.52	-0.000087
407.60	-0.000096
407.69	-0.000095
407.76	-0.000086
407.85	-0.000091
407.92	-0.000087
408.01	-0.000093
408.08	-0.000092
408.17	-0.000096
408.24	-0.000095
408.33	-0.000099
408.40	-0.000111
408.49	-0.000121
408.56	-0.000106
408.64	-0.000101
408.72	-0.000103
408.81	-0.000095
408.88	-0.000106
408.96	-0.000104
409.04	-0.000093
409.10	-0.000104
409.17	-0.000098
409.26	-0.000112
409.33	-0.000112
409.42	-0.000119
409.49	-0.000127
409.58	-0.000118
409.65	-0.000123
409.75	-0.000131
409.82	-0.000122
409.89	-0.000114
409.97	-0.000118
410.06	-0.000127
410.13	-0.000120
410.22	-0.000109
410.29	-0.000119
410.38	-0.000122
410.45	-0.000125
410.54	-0.000123
410.61	-0.000141
410.70	-0.000136
410.78	-0.000126
410.85	-0.000122
410.94	-0.000125
411.01	-0.000124
411.10	-0.000134
411.18	-0.000132
411.26	-0.000136
411.33	-0.000142
411.42	-0.000151
411.50	-0.000140
411.58	-0.000139
411.65	-0.000148
411.74	-0.000140
411.82	-0.000139
411.90	-0.000136
411.98	-0.000131
412.06	-0.000133
412.13	-0.000138
412.22	-0.000143
412.29	-0.000136
412.38	-0.000135
412.45	-0.000137
412.54	-0.000142
412.61	-0.000151
412.70	-0.000155
412.78	-0.000152
412.85	-0.000148
412.94	-0.000158
413.01	-0.000154
413.10	-0.000152
413.17	-0.000154
413.26	-0.000153
413.33	-0.000150
413.42	-0.000156
413.49	-0.000164
413.57	-0.000166
413.65	-0.000166
413.73	-0.000157
413.81	-0.000166
413.89	-0.000163
413.97	-0.000162
414.06	-0.000163
414.13	-0.000169
414.21	-0.000175
414.29	-0.000164
414.38	-0.000174
414.45	-0.000170
414.54	-0.000172
414.61	-0.000167
414.70	-0.000175
414.77	-0.000169
414.86	-0.000163
414.93	-0.000160
415.02	-0.000163
415.09	-0.000155
415.17	-0.000167
415.26	-0.000164
415.33	-0.000172
415.42	-0.000176
415.49	-0.000167
415.58	-0.000163
415.65	-0.000166
415.74	-0.000165
415.82	-0.000167
415.89	-0.000163
415.98	-0.000162
416.06	-0.000174
416.14	-0.000173
416.21	-0.000178
416.30	-0.000176
416.38	-0.000179
416.46	-0.000184
416.54	-0.000172
416.62	-0.000176
416.70	-0.000170
416.78	-0.000184
416.86	-0.000171
416.94	-0.000171
417.01	-0.000175
417.10	-0.000173
417.18	-0.000175
417.28	-0.000179
417.34	-0.000176
417.41	-0.000169
417.50	-0.000165
417.57	-0.000184
417.66	-0.000179
417.73	-0.000182
417.82	-0.000182
417.89	-0.000179
417.98	-0.000186
418.05	-0.000193
418.14	-0.000183
418.21	-0.000185
418.30	-0.000187
418.37	-0.000177
418.45	-0.000187
418.53	-0.000185
418.62	-0.000186
418.69	-0.000186
418.77	-0.000190
418.85	-0.000192
418.93	-0.000184
419.01	-0.000183
419.09	-0.000175
419.17	-0.000184
419.26	-0.000187
419.33	-0.000190
419.42	-0.000180
419.49	-0.000183
419.58	-0.000184
419.65	-0.000187
419.74	-0.000184
419.81	-0.000186
419.90	-0.000178
419.97	-0.000179
420.06	-0.000184
420.13	-0.000192
420.22	-0.000191
420.29	-0.000189
420.38	-0.000186
420.45	-0.000185
420.54	-0.000191
420.61	-0.000193
420.70	-0.000197
420.77	-0.000195
420.86	-0.000200
420.94	-0.000197
421.02	-0.000197
421.10	-0.000198
421.18	-0.000193
421.26	-0.000189
421.34	-0.000185
421.42	-0.000188
421.50	-0.000189
421.57	-0.000193
421.66	-0.000203
421.74	-0.000210
421.82	-0.000208
421.89	-0.000207
421.98	-0.000201
422.06	-0.000198
422.13	-0.000197
422.22	-0.000196
422.29	-0.000210
422.38	-0.000207
422.46	-0.000212
422.53	-0.000189
422.62	-0.000194
422.69	-0.000195
422.78	-0.000195
422.85	-0.000193
422.94	-0.000197
423.27	-0.000195
423.33	-0.000196
423.41	-0.000201
423.50	-0.000206
423.57	-0.000201
423.65	-0.000203
423.73	-0.000200
423.81	-0.000217
423.89	-0.000206
423.97	-0.000204
424.05	-0.000204
424.13	-0.000207
424.21	-0.000203
424.29	-0.000205
424.38	-0.000195
424.45	-0.000195
424.54	-0.000201
424.61	-0.000199
424.70	-0.000198
424.77	-0.000199
424.86	-0.000204
424.93	-0.000205
425.02	-0.000212
425.09	-0.000199
425.18	-0.000207
425.25	-0.000202
425.34	-0.000208
425.41	-0.000214
425.50	-0.000215
425.57	-0.000219
425.66	-0.000217
425.73	-0.000209
425.82	-0.000198
425.89	-0.000198
425.98	-0.000211
426.06	-0.000198
426.13	-0.000207
426.22	-0.000214
426.30	-0.000208
426.38	-0.000205
426.45	-0.000200
426.54	-0.000200
426.62	-0.000197
426.70	-0.000212
426.77	-0.000215
426.86	-0.000210
426.94	-0.000205
427.02	-0.000203
427.10	-0.000205
427.18	-0.000198
427.25	-0.000202
427.34	-0.000207
427.41	-0.000206
427.50	-0.000205
427.57	-0.000210
427.66	-0.000210
427.73	-0.000205
427.82	-0.000205
427.89	-0.000194
427.98	-0.000206
428.05	-0.000209
428.14	-0.000210
428.21	-0.000212
428.30	-0.000202
428.37	-0.000209
428.45	-0.000206
428.54	-0.000205
428.61	-0.000217
428.69	-0.000216
428.77	-0.000214
428.85	-0.000218
428.93	-0.000218
429.01	-0.000215
429.10	-0.000226
429.17	-0.000226
429.26	-0.000212
429.33	-0.000200
429.42	-0.000208
429.49	-0.000200
429.58	-0.000212
429.65	-0.000214
429.74	-0.000214
429.81	-0.000206
429.90	-0.000207
429.97	-0.000211
430.06	-0.000211
430.13	-0.000207
430.22	-0.000210
430.29	-0.000207
430.38	-0.000214
430.45	-0.000218
430.54	-0.000219
430.61	-0.000219
430.70	-0.000223
430.77	-0.000219
430.86	-0.000224
430.94	-0.000228
431.02	-0.000223
431.10	-0.000225
431.18	-0.000223
431.26	-0.000220
431.34	-0.000220
431.42	-0.000217
431.50	-0.000215
431.57	-0.000220
431.66	-0.000211
431.74	-0.000211
432.07	-0.000214
432.14	-0.000215
432.22	-0.000228
432.31	-0.000220
432.38	-0.000216
432.47	-0.000215
432.54	-0.000220
432.62	-0.000210
432.70	-0.000204
432.79	-0.000211
432.86	-0.000212
432.95	-0.000219
433.02	-0.000224
433.11	-0.000224
433.18	-0.000225
433.26	-0.000227
433.34	-0.000227
433.43	-0.000234
433.50	-0.000231
433.58	-0.000239
433.66	-0.000229
433.74	-0.000220
433.82	-0.000214
433.90	-0.000218
433.98	-0.000224
434.06	-0.000228
434.14	-0.000221
434.22	-0.000215
434.30	-0.000220
434.38	-0.000216
434.46	-0.000211
434.54	-0.000221
434.62	-0.000224
434.70	-0.000219
434.77	-0.000229
434.87	-0.000219
434.94	-0.000226
435.02	-0.000230
435.09	-0.000218
435.18	-0.000224
435.25	-0.000222
435.34	-0.000227
435.42	-0.000218
435.49	-0.000217
435.57	-0.000220
435.65	-0.000218
435.73	-0.000222
435.82	-0.000220
435.89	-0.000221
435.97	-0.000217
436.05	-0.000222
436.13	-0.000216
436.22	-0.000222
436.30	-0.000219
436.37	-0.000216
436.45	-0.000215
436.54	-0.000221
436.61	-0.000228
436.69	-0.000217
436.77	-0.000222
436.85	-0.000224
436.94	-0.000230
437.02	-0.000223
437.09	-0.000221
437.17	-0.000215
437.26	-0.000214
437.33	-0.000214
437.42	-0.000220
437.50	-0.000215
437.57	-0.000215
437.66	-0.000220
437.74	-0.000219
437.82	-0.000222
437.90	-0.000223
437.98	-0.000223
