#format: kpower1
#filename: kalibracja-ctr-1.txt
#date: 2010-02-19 11:04:24
#description: CTR bezw 3mg/ml
0.05	0.000006
0.13	0.000001
0.21	-0.000014
0.29	-0.000002
0.37	0.000006
0.45	0.000001
0.53	0.000002
0.61	-0.000011
0.69	-0.000001
0.77	0.000007
0.85	0.000000
0.93	0.000013
1.01	0.000013
1.09	0.000006
1.17	0.000000
1.25	0.000005
1.33	0.000005
1.40	-0.000005
1.49	0.000000
1.56	0.000000
1.64	0.000000
1.73	0.000000
1.80	-0.000003
1.88	0.000011
1.97	0.000014
2.05	0.000018
2.13	0.000014
2.20	0.000011
2.29	0.000015
2.36	0.000013
2.45	0.000014
2.53	0.000022
2.61	0.000011
2.68	0.000013
2.76	0.000020
2.84	0.000009
2.93	0.000011
3.01	0.000011
3.08	0.000005
3.17	0.000014
3.24	0.000014
3.32	0.000002
3.41	0.000006
3.48	-0.000003
3.56	0.000005
3.64	0.000011
3.73	0.000010
3.80	0.000009
3.88	0.000006
3.96	0.000005
4.04	0.000005
4.13	0.000004
4.21	0.000010
4.29	0.000006
4.37	0.000010
4.45	0.000011
4.53	0.000013
4.61	-0.000003
4.69	0.000005
4.77	0.000013
4.85	0.000011
4.93	0.000006
5.00	0.000001
5.09	0.000001
5.17	-0.000007
5.25	-0.000009
5.33	-0.000003
5.40	-0.000008
5.48	-0.000002
5.56	-0.000001
5.65	0.000006
5.72	0.000012
5.80	0.000021
5.89	0.000007
5.96	-0.000005
6.05	-0.000006
6.12	0.000001
6.21	0.000012
6.28	0.000008
6.36	0.000012
6.45	-0.000002
6.52	0.000003
6.60	0.000001
6.68	-0.000000
6.76	-0.000008
6.84	0.000010
6.92	0.000011
7.00	0.000018
7.08	0.000005
7.16	0.000002
7.25	0.000012
7.32	0.000010
7.40	0.000005
7.48	0.000004
7.56	0.000010
7.64	0.000005
7.72	-0.000002
7.80	0.000008
7.88	-0.000006
7.96	-0.000008
8.04	0.000000
8.12	0.000011
8.20	0.000010
8.28	0.000001
8.36	0.000004
8.44	0.000004
8.53	0.000005
8.60	0.000002
8.69	-0.000006
8.76	-0.000009
8.84	-0.000016
8.93	-0.000001
9.00	-0.000012
9.09	-0.000021
9.16	-0.000031
9.25	-0.000032
9.32	-0.000024
9.41	-0.000011
9.48	-0.000021
9.56	-0.000030
9.65	-0.000026
9.72	-0.000018
9.80	-0.000025
9.88	-0.000024
9.97	-0.000007
10.04	-0.000006
10.13	0.000005
10.20	0.000006
10.29	0.000008
10.37	0.000012
10.44	0.000014
10.53	0.000004
10.61	0.000003
10.68	0.000007
10.77	0.000013
10.84	0.000012
10.93	0.000002
11.00	-0.000005
11.08	-0.000001
11.16	-0.000004
11.25	-0.000005
11.32	-0.000003
11.40	0.000003
11.48	0.000001
11.56	-0.000003
11.64	-0.000004
11.72	-0.000002
11.80	-0.000003
11.88	-0.000002
11.96	0.000000
12.04	0.000003
12.12	0.000006
12.20	0.000002
12.28	0.000004
12.36	0.000005
12.44	0.000003
12.52	-0.000009
12.60	-0.000004
12.68	-0.000001
12.76	-0.000006
12.84	-0.000001
12.92	-0.000004
13.00	0.000007
13.08	0.000005
13.17	-0.000000
13.24	0.000002
13.32	0.000004
13.40	-0.000010
13.48	0.000002
13.56	-0.000003
13.64	0.000000
13.72	0.000004
13.80	-0.000010
13.88	-0.000024
13.96	-0.000013
14.05	-0.000015
14.13	-0.000015
14.20	-0.000005
14.28	0.000010
14.37	0.000010
14.44	-0.000001
14.53	0.000003
14.61	-0.000004
14.68	-0.000007
14.76	-0.000002
14.84	-0.000009
14.93	0.000007
15.00	0.000011
15.09	-0.000001
15.16	-0.000008
15.25	0.000000
15.33	-0.000003
15.41	-0.000002
15.48	0.000004
15.57	-0.000004
15.65	0.000002
15.73	0.000008
15.81	-0.000005
15.89	-0.000009
15.97	0.000000
16.05	-0.000003
16.13	-0.000008
16.20	-0.000003
16.29	0.000005
16.36	-0.000004
16.45	-0.000001
16.52	-0.000004
16.60	0.000003
16.68	0.000008
16.77	0.000009
16.85	0.000008
16.92	0.000008
17.01	0.000004
17.09	0.000005
17.16	0.000011
17.25	0.000016
17.33	0.000006
17.40	0.000011
17.48	0.000005
17.56	0.000006
17.64	0.000003
17.73	-0.000002
17.80	0.000002
17.88	-0.000004
17.96	-0.000007
18.05	-0.000001
18.12	0.000007
18.21	0.000009
18.28	0.000004
18.36	0.000008
18.45	-0.000002
18.52	-0.000006
18.60	-0.000003
18.69	-0.000010
18.77	-0.000003
18.84	-0.000006
18.93	-0.000012
19.01	-0.000005
19.08	-0.000015
19.17	-0.000014
19.25	-0.000015
19.33	-0.000016
19.41	-0.000016
19.48	-0.000012
19.57	-0.000005
19.65	-0.000002
19.73	0.000005
19.81	-0.000005
19.89	-0.000003
19.97	-0.000008
20.05	-0.000007
20.13	-0.000006
20.21	-0.000010
20.29	-0.000000
20.37	-0.000001
20.45	-0.000005
20.53	-0.000003
20.61	0.000010
20.69	0.000001
20.77	0.000001
20.85	0.000004
20.93	0.000007
21.01	-0.000001
21.09	-0.000006
21.17	0.000005
21.24	-0.000001
21.33	-0.000001
21.40	0.000000
21.49	-0.000007
21.56	-0.000004
21.64	0.000003
21.73	0.000003
21.80	-0.000002
21.88	0.000004
21.97	-0.000001
22.04	-0.000001
22.13	0.000009
22.20	0.000003
22.29	0.000002
22.36	0.000007
22.44	0.000012
22.52	0.000016
22.61	0.000016
22.68	0.000014
22.76	0.000011
22.84	0.000004
22.93	0.000012
23.00	0.000012
23.09	0.000006
23.16	0.000010
23.25	0.000002
23.32	-0.000003
23.41	0.000002
23.48	0.000002
23.57	0.000008
23.65	0.000009
23.72	0.000014
23.81	0.000002
23.89	0.000008
23.96	0.000017
24.05	0.000017
24.12	0.000013
24.21	0.000008
24.28	0.000009
24.37	0.000006
24.45	0.000007
24.52	0.000009
24.61	0.000004
24.68	0.000006
24.77	0.000005
24.84	0.000005
24.93	0.000001
25.01	0.000001
25.08	-0.000001
25.16	0.000005
25.25	-0.000007
25.32	-0.000004
25.41	-0.000003
25.48	0.000006
25.57	-0.000001
25.65	0.000008
25.72	0.000007
25.80	0.000003
25.88	0.000005
25.97	0.000009
26.04	-0.000004
26.12	-0.000001
26.20	-0.000005
26.29	-0.000014
26.36	0.000002
26.45	0.000011
26.52	0.000008
26.60	0.000010
26.68	0.000004
26.76	0.000003
26.84	0.000005
26.92	0.000011
27.00	0.000004
27.08	0.000009
27.16	0.000013
27.24	0.000013
27.32	0.000001
27.40	0.000010
27.48	0.000013
27.56	0.000006
27.65	0.000011
27.72	0.000015
27.80	0.000014
27.88	0.000006
27.96	0.000005
28.04	-0.000004
28.12	0.000004
28.20	0.000001
28.28	0.000002
28.36	-0.000000
28.44	-0.000006
28.52	0.000001
28.60	0.000007
28.68	0.000007
28.76	0.000000
28.84	0.000001
28.91	0.000000
29.00	0.000001
29.08	-0.000002
29.16	-0.000000
29.24	-0.000007
29.32	-0.000001
29.41	0.000013
29.48	0.000003
29.57	0.000004
29.65	-0.000007
29.72	-0.000001
29.81	0.000008
29.88	0.000006
29.96	-0.000004
30.05	-0.000006
30.13	0.000003
30.20	-0.000002
30.29	-0.000004
30.36	0.000002
30.44	0.000001
30.52	-0.000000
30.60	-0.000000
30.68	-0.000007
30.76	-0.000006
30.84	-0.000003
30.92	-0.000009
31.00	-0.000005
31.08	0.000015
31.16	0.000007
31.24	0.000006
31.32	-0.000002
31.40	0.000005
31.48	0.000001
31.56	0.000004
31.64	-0.000005
31.72	0.000004
31.80	0.000006
31.88	0.000008
31.96	0.000007
32.04	0.000008
32.12	0.000000
32.20	-0.000006
32.28	0.000003
32.36	0.000014
32.44	0.000009
32.52	0.000005
32.60	0.000003
32.68	0.000014
32.76	0.000009
32.84	0.000011
32.92	0.000004
33.01	0.000014
33.08	0.000004
33.16	-0.000002
33.24	0.000008
33.33	0.000002
33.40	0.000007
33.48	0.000010
33.57	0.000007
33.64	0.000003
33.73	-0.000004
33.81	-0.000005
33.88	0.000001
33.97	0.000003
34.04	0.000005
34.13	0.000003
34.21	0.000007
34.28	0.000007
34.37	0.000015
34.45	0.000019
34.52	0.000015
34.60	0.000018
34.69	0.000013
34.76	0.000011
34.85	0.000008
34.92	0.000008
35.01	0.000009
35.08	0.000009
35.16	-0.000002
35.25	-0.000001
35.32	0.000005
35.41	0.000004
35.49	-0.000001
35.56	0.000004
35.65	0.000003
35.72	0.000003
35.81	0.000004
35.88	-0.000000
35.96	0.000009
36.05	0.000003
36.12	0.000008
36.20	-0.000001
36.28	0.000002
36.36	0.000003
36.44	0.000001
36.52	0.000006
36.60	0.000001
36.69	0.000009
36.76	0.000013
36.84	0.000006
36.92	-0.000006
37.00	0.000003
37.08	0.000002
37.16	0.000008
37.24	0.000013
37.32	0.000017
37.40	0.000012
37.48	0.000018
37.56	0.000009
37.64	0.000002
37.73	-0.000000
37.80	-0.000001
37.88	0.000008
37.96	-0.000006
38.05	-0.000006
38.12	-0.000002
38.21	-0.000002
38.28	0.000004
38.37	-0.000005
38.45	0.000001
38.52	0.000005
38.61	0.000008
38.69	0.000011
38.76	-0.000002
38.85	0.000003
38.92	0.000008
39.00	0.000010
39.09	0.000004
39.16	-0.000001
39.25	-0.000008
39.33	0.000004
39.41	0.000001
39.49	0.000003
39.56	0.000006
39.65	0.000005
39.73	-0.000003
39.81	0.000003
39.89	0.000012
39.96	0.000002
40.05	0.000005
40.12	0.000005
40.20	-0.000002
40.29	0.000005
40.36	0.000011
40.44	-0.000006
40.53	-0.000006
40.60	-0.000000
40.69	-0.000000
40.76	-0.000001
40.85	-0.000003
40.92	-0.000004
41.01	-0.000006
41.08	0.000005
41.16	0.000011
41.24	0.000014
41.32	0.000000
41.40	0.000002
41.48	0.000014
41.57	0.000013
41.64	0.000008
41.72	0.000005
41.80	0.000003
41.88	0.000002
41.96	0.000004
42.05	0.000003
42.12	0.000004
42.20	0.000012
42.28	-0.000001
42.36	0.000013
42.45	0.000004
42.52	0.000008
42.61	0.000009
42.68	0.000001
42.77	-0.000003
42.85	0.000002
42.92	0.000016
43.01	0.000017
43.08	0.000014
43.17	0.000005
43.25	0.000007
43.32	0.000013
43.40	0.000010
43.49	0.000010
43.56	0.000004
43.65	-0.000002
43.73	0.000007
43.81	0.000003
43.89	0.000000
43.97	-0.000003
44.05	0.000002
44.13	-0.000002
44.21	-0.000007
44.29	-0.000000
44.37	0.000005
44.45	0.000001
44.53	0.000005
44.61	0.000008
44.69	0.000008
44.77	0.000001
44.84	0.000000
44.93	0.000001
45.01	0.000015
45.09	0.000011
45.16	0.000005
45.24	-0.000002
45.33	0.000008
45.41	0.000013
45.49	0.000011
45.56	0.000009
45.64	0.000004
45.73	-0.000006
45.80	-0.000013
45.89	-0.000001
45.97	0.000002
46.04	-0.000000
46.12	0.000012
46.21	0.000010
46.28	0.000018
46.37	0.000015
46.44	0.000019
46.52	0.000016
46.60	0.000007
46.68	0.000011
46.76	0.000013
46.84	0.000017
46.92	0.000020
47.01	0.000016
47.08	0.000023
47.17	0.000018
47.24	0.000025
47.33	0.000023
47.40	0.000019
47.48	0.000019
47.57	0.000017
47.64	0.000023
47.72	0.000016
47.81	0.000018
47.89	0.000018
47.96	0.000017
48.05	0.000005
48.12	0.000004
48.21	0.000003
48.28	0.000004
48.37	0.000018
48.45	0.000015
48.52	0.000015
48.60	0.000010
48.69	0.000009
48.77	0.000006
48.85	0.000002
48.92	-0.000003
49.01	0.000005
49.09	0.000016
49.17	0.000019
49.25	0.000012
49.33	0.000006
49.41	0.000007
49.49	0.000008
49.57	0.000001
49.65	0.000001
49.73	-0.000003
49.81	0.000004
49.88	0.000002
49.97	0.000002
50.05	0.000003
50.13	-0.000004
50.21	-0.000002
50.29	0.000001
50.37	0.000007
50.44	0.000015
50.52	0.000011
50.60	0.000006
50.69	0.000009
50.76	0.000003
50.85	0.000006
50.93	0.000008
51.01	0.000011
51.08	0.000016
51.16	0.000010
51.25	0.000002
51.32	0.000002
51.41	0.000000
51.48	0.000015
51.56	0.000011
51.64	0.000015
51.72	0.000012
51.80	0.000011
51.88	0.000007
51.96	0.000016
52.04	0.000009
52.13	0.000014
52.20	0.000013
52.28	0.000008
52.37	0.000015
52.44	0.000018
52.52	0.000027
52.61	0.000019
52.68	0.000016
52.76	0.000018
52.85	0.000006
52.93	0.000009
53.01	0.000000
53.09	0.000010
53.16	0.000011
53.24	0.000016
53.33	0.000010
53.41	0.000017
53.49	0.000011
53.57	0.000013
53.66	0.000004
53.73	-0.000000
53.81	0.000017
53.89	0.000012
53.97	0.000011
54.06	0.000010
54.13	0.000004
54.22	0.000005
54.30	0.000007
54.37	0.000007
54.46	0.000005
54.54	0.000009
54.61	0.000014
54.70	0.000001
54.77	0.000001
54.85	-0.000004
54.93	0.000017
55.01	0.000009
55.09	0.000005
55.17	0.000012
55.25	0.000007
55.33	0.000003
55.41	0.000006
55.49	0.000005
55.57	0.000016
55.65	0.000008
55.73	0.000005
55.81	0.000000
55.89	0.000005
55.97	0.000008
56.05	0.000012
56.13	0.000022
56.21	0.000013
56.29	0.000004
56.37	0.000002
56.45	0.000004
56.52	0.000018
56.61	0.000013
56.68	0.000005
56.76	-0.000001
56.85	0.000006
56.92	0.000006
57.01	0.000007
57.09	0.000011
57.17	0.000011
57.25	0.000016
57.33	0.000023
57.41	0.000006
57.49	0.000009
57.57	0.000010
57.65	0.000012
57.73	0.000025
57.82	0.000013
57.89	0.000008
57.97	0.000012
58.05	0.000008
58.12	-0.000006
58.17	0.000010
58.25	0.000007
58.33	0.000003
58.41	0.000003
58.49	0.000011
58.57	0.000018
58.66	0.000015
58.73	0.000012
58.81	0.000013
58.89	0.000002
58.98	0.000009
59.05	0.000000
59.13	-0.000000
59.21	0.000012
59.29	0.000004
59.37	0.000002
59.45	0.000001
59.53	-0.000001
59.61	0.000006
59.69	0.000002
59.77	0.000008
59.86	0.000013
59.93	0.000013
60.02	0.000003
60.09	0.000005
60.17	0.000008
60.25	0.000006
60.33	0.000023
60.41	0.000021
60.48	0.000014
60.56	0.000006
60.65	0.000011
60.72	0.000011
60.81	0.000017
60.88	0.000013
60.96	0.000015
61.05	0.000017
61.12	0.000017
61.21	0.000018
61.29	0.000017
61.37	0.000017
61.45	0.000005
61.52	0.000008
61.60	0.000005
61.69	0.000004
61.77	0.000006
61.85	0.000007
61.92	0.000004
62.01	0.000010
62.08	0.000002
62.17	0.000005
62.24	0.000005
62.32	0.000000
62.41	0.000010
62.48	0.000016
62.56	0.000010
62.65	0.000007
62.72	0.000004
62.80	0.000011
62.89	0.000012
62.96	0.000013
63.05	0.000015
63.13	0.000018
63.21	0.000016
63.28	0.000021
63.37	0.000007
63.45	0.000002
63.53	0.000011
63.61	0.000018
63.69	0.000013
63.77	0.000013
63.85	0.000004
63.93	-0.000005
64.01	-0.000001
64.09	0.000002
64.17	0.000013
64.25	0.000007
64.33	0.000005
64.41	-0.000006
64.48	0.000003
64.56	0.000003
64.65	0.000005
64.72	0.000019
64.80	0.000012
64.89	0.000018
64.96	0.000016
65.05	0.000012
65.12	0.000012
65.21	0.000005
65.28	0.000010
65.37	0.000015
65.44	0.000013
65.53	0.000004
65.61	0.000004
65.68	0.000006
65.77	0.000007
65.84	0.000012
65.92	0.000012
66.00	0.000013
66.08	0.000009
66.16	0.000011
66.25	0.000010
66.32	0.000003
66.40	0.000000
66.48	0.000008
66.56	0.000011
66.64	0.000004
66.72	0.000014
66.80	0.000018
66.88	0.000017
66.96	0.000021
67.04	0.000003
67.12	0.000009
67.20	0.000016
67.28	0.000020
67.36	0.000014
67.44	0.000013
67.52	0.000021
67.61	0.000018
67.68	0.000016
67.77	0.000018
67.85	0.000017
67.92	0.000007
68.01	0.000005
68.09	0.000009
68.17	0.000005
68.24	0.000005
68.33	0.000003
68.40	0.000006
68.49	0.000009
68.56	0.000011
68.64	0.000002
68.73	-0.000001
68.80	0.000013
68.89	0.000012
68.97	0.000017
69.04	0.000016
69.12	-0.000002
69.20	0.000007
69.29	0.000010
69.36	0.000012
69.45	0.000013
69.52	0.000005
69.60	0.000011
69.69	0.000010
69.76	0.000005
69.85	0.000005
69.92	0.000006
70.01	0.000005
70.09	0.000008
70.16	0.000008
70.25	0.000002
70.32	0.000004
70.40	0.000004
70.48	0.000007
70.56	0.000010
70.64	-0.000005
70.72	0.000011
70.80	0.000001
70.88	0.000010
70.96	0.000019
71.04	0.000021
71.12	0.000023
71.20	0.000018
71.28	0.000015
71.36	0.000019
71.44	0.000011
71.52	0.000010
71.60	0.000006
71.68	0.000007
71.76	0.000008
71.84	0.000012
71.92	0.000013
72.00	0.000011
72.08	0.000020
72.16	0.000011
72.24	0.000009
72.32	0.000008
72.40	0.000013
72.48	0.000008
72.57	-0.000004
72.64	0.000003
72.72	0.000005
72.80	0.000011
72.88	0.000011
72.97	0.000003
73.04	0.000009
73.12	0.000001
73.20	0.000009
73.28	-0.000009
73.36	-0.000004
73.45	0.000002
73.52	0.000005
73.60	0.000002
73.69	0.000008
73.76	0.000009
73.84	-0.000001
73.93	0.000003
74.00	-0.000001
74.08	0.000007
74.17	0.000005
74.24	0.000006
74.33	0.000008
74.40	0.000006
74.49	0.000008
74.56	0.000006
74.65	0.000011
74.72	0.000010
74.81	0.000001
74.89	0.000000
74.97	0.000005
75.05	0.000006
75.12	0.000003
75.20	0.000008
75.28	0.000005
75.36	0.000005
75.44	0.000006
75.52	0.000005
75.60	-0.000001
75.68	0.000000
75.76	0.000005
75.84	0.000007
75.92	0.000011
76.00	0.000009
76.08	0.000012
76.16	0.000016
76.24	0.000012
76.32	0.000003
76.40	0.000003
76.48	0.000010
76.56	0.000009
76.64	0.000009
76.72	0.000013
76.80	0.000008
76.88	0.000009
76.96	0.000015
77.04	0.000014
77.12	0.000012
77.20	0.000006
77.28	0.000013
77.36	0.000014
77.44	0.000010
77.52	0.000014
77.60	0.000010
77.68	0.000009
77.76	0.000006
77.84	0.000007
77.92	0.000004
78.00	0.000002
78.08	0.000007
78.16	0.000002
78.24	0.000011
78.33	0.000014
78.40	0.000015
78.48	0.000005
78.56	0.000008
78.64	0.000005
78.73	0.000001
78.80	0.000009
78.89	0.000002
78.97	-0.000006
79.04	-0.000011
79.12	-0.000000
79.21	0.000003
79.28	-0.000003
79.36	0.000004
79.45	0.000003
79.52	-0.000004
79.61	0.000005
79.69	0.000010
79.76	-0.000001
79.84	-0.000002
79.92	0.000012
80.00	0.000008
80.08	0.000011
80.16	0.000004
80.24	0.000006
80.32	0.000008
80.40	0.000011
80.48	0.000004
80.56	-0.000004
80.64	0.000002
80.72	0.000005
80.80	0.000006
80.88	0.000001
80.96	0.000002
81.04	0.000013
81.12	0.000015
81.20	0.000018
81.28	0.000004
81.36	-0.000003
81.44	-0.000002
81.52	0.000010
81.60	0.000014
81.67	0.000008
81.76	0.000003
81.83	-0.000004
81.92	0.000005
82.00	0.000009
82.08	0.000009
82.16	0.000017
82.24	0.000018
82.32	0.000001
82.40	0.000006
82.48	0.000006
82.56	0.000002
82.64	0.000009
82.72	0.000015
82.80	0.000015
82.88	0.000002
82.96	-0.000004
83.04	-0.000002
83.12	0.000010
83.20	0.000007
83.28	0.000012
83.36	0.000005
83.44	0.000004
83.52	-0.000003
83.61	-0.000003
83.69	0.000006
83.76	0.000006
83.84	0.000007
83.92	0.000005
84.00	0.000005
84.08	0.000007
84.16	0.000001
84.24	0.000000
84.32	-0.000002
84.40	-0.000002
84.48	0.000007
84.56	0.000010
84.64	0.000013
84.72	0.000009
84.80	0.000001
84.88	0.000003
84.96	0.000005
85.04	0.000003
85.12	-0.000004
85.19	-0.000010
85.28	0.000006
85.36	0.000014
85.44	0.000017
85.51	0.000015
85.60	0.000011
85.67	0.000007
85.76	0.000010
85.83	0.000009
85.92	0.000003
86.00	0.000002
86.08	0.000016
86.16	0.000008
86.24	0.000007
86.32	0.000019
86.40	0.000012
86.48	0.000013
86.57	0.000018
86.64	0.000021
86.72	0.000027
86.80	0.000017
86.89	0.000014
86.96	0.000011
87.04	0.000012
87.12	0.000017
87.20	0.000013
87.28	0.000011
87.36	0.000018
87.44	0.000017
87.52	0.000011
87.61	0.000010
87.69	-0.000002
87.76	0.000002
87.84	0.000010
87.92	0.000011
88.00	0.000008
88.08	0.000008
88.17	0.000010
88.24	0.000003
88.33	0.000002
88.41	0.000004
88.48	0.000012
88.57	-0.000001
88.65	0.000008
88.72	0.000004
88.81	0.000006
88.88	0.000014
88.96	0.000016
89.04	0.000012
89.12	0.000013
89.20	0.000010
89.28	0.000007
89.36	0.000002
89.44	0.000003
89.53	0.000006
89.60	0.000008
89.68	0.000019
89.76	0.000015
89.84	0.000015
89.92	0.000019
90.00	0.000008
90.09	0.000009
90.16	0.000009
90.24	0.000008
90.33	0.000015
90.40	0.000019
90.46	0.000016
90.55	0.000011
90.62	0.000008
90.70	0.000016
90.78	0.000006
90.86	0.000004
90.94	0.000008
91.03	0.000008
91.10	0.000011
91.18	0.000016
91.27	0.000004
91.34	0.000014
91.42	0.000007
91.51	0.000015
91.59	0.000013
91.66	0.000009
91.75	0.000012
91.82	0.000011
91.91	0.000010
91.98	0.000006
92.07	0.000017
92.15	0.000010
92.22	0.000008
92.31	0.000020
92.39	0.000014
92.47	0.000006
92.55	0.000009
92.63	0.000008
92.71	0.000017
92.79	0.000008
92.87	0.000018
92.95	0.000008
93.03	0.000009
93.11	0.000022
93.19	0.000018
93.27	0.000005
93.35	0.000007
93.43	0.000013
93.51	0.000017
93.59	0.000017
93.67	0.000009
93.75	0.000015
93.83	0.000016
93.91	0.000015
93.99	0.000004
94.06	0.000016
94.15	0.000015
94.23	0.000019
94.31	0.000008
94.38	0.000014
94.47	0.000012
94.55	0.000004
94.62	0.000005
94.70	0.000013
94.79	0.000025
94.87	0.000017
94.95	0.000023
95.02	0.000013
95.11	0.000024
95.19	0.000019
95.26	0.000014
95.35	0.000018
95.42	0.000013
95.50	0.000013
95.58	0.000022
95.67	0.000018
95.74	0.000003
95.83	0.000001
95.90	0.000008
95.98	0.000013
96.06	0.000018
96.15	0.000019
96.22	0.000010
96.30	0.000013
96.39	0.000012
96.46	0.000015
96.55	0.000025
96.62	0.000010
96.70	0.000012
96.79	0.000010
96.86	0.000010
96.94	0.000025
97.03	0.000024
97.10	0.000023
97.18	0.000022
97.27	0.000018
97.34	0.000016
97.43	0.000023
97.50	0.000015
97.58	0.000015
97.67	0.000018
97.75	0.000013
97.83	0.000009
97.91	0.000002
97.98	0.000011
98.07	0.000015
98.14	0.000013
98.23	-0.000005
98.31	0.000007
98.39	0.000004
98.47	0.000004
98.55	0.000004
98.63	0.000008
98.71	0.000006
98.78	0.000003
98.87	-0.000006
98.95	0.000015
99.03	0.000013
99.11	0.000009
99.19	0.000008
99.26	-0.000002
99.35	0.000009
99.42	0.000005
99.51	0.000015
99.58	0.000003
99.67	0.000009
99.75	0.000008
99.82	0.000007
99.91	0.000010
99.99	0.000011
100.06	0.000006
100.15	0.000004
100.22	0.000001
100.30	0.000011
100.39	0.000014
100.46	0.000008
100.55	0.000019
100.63	0.000010
100.70	0.000019
100.79	0.000014
100.86	0.000010
100.94	0.000010
101.03	0.000017
101.11	0.000019
101.18	0.000014
101.26	0.000017
101.35	0.000015
101.42	0.000024
101.50	0.000019
101.59	0.000016
101.66	0.000012
101.74	0.000016
101.83	0.000022
101.90	0.000019
101.98	0.000015
102.06	0.000020
102.15	0.000024
102.22	0.000018
102.31	0.000017
102.38	0.000008
102.46	0.000004
102.55	0.000004
102.63	0.000003
102.71	0.000015
102.79	0.000016
102.87	0.000012
102.96	0.000001
103.03	0.000001
103.11	0.000007
103.19	0.000008
103.28	0.000010
103.35	0.000017
103.43	0.000015
103.51	0.000015
103.59	0.000021
103.67	0.000015
103.75	0.000017
103.83	0.000012
103.89	0.000016
103.97	0.000003
104.05	0.000009
104.13	0.000005
104.21	0.000010
104.28	0.000005
104.37	0.000017
104.44	0.000007
104.52	0.000008
104.61	0.000016
104.68	0.000014
104.76	0.000021
104.85	0.000013
104.93	0.000014
105.01	0.000020
105.08	0.000010
105.17	0.000009
105.24	0.000008
105.33	0.000016
105.40	0.000014
105.48	0.000018
105.57	0.000007
105.64	-0.000003
105.72	-0.000005
105.81	-0.000016
105.88	-0.000010
105.97	-0.000005
106.05	-0.000010
106.12	-0.000008
106.19	-0.000007
106.26	-0.000016
106.35	0.000006
106.42	-0.000002
106.50	0.000008
106.59	-0.000004
106.66	-0.000005
106.74	-0.000012
106.83	-0.000002
106.91	0.000002
106.98	0.000005
107.06	-0.000001
107.15	-0.000019
107.22	-0.000017
107.31	-0.000005
107.38	-0.000013
107.47	-0.000012
107.55	-0.000013
107.63	-0.000012
107.71	-0.000016
107.79	-0.000011
107.86	-0.000002
107.94	-0.000001
108.03	-0.000010
108.11	-0.000012
108.19	-0.000015
108.27	-0.000011
108.35	-0.000022
108.43	-0.000020
108.51	-0.000020
108.59	-0.000007
108.67	-0.000015
108.75	-0.000005
108.83	-0.000008
108.91	-0.000008
108.99	-0.000002
109.06	-0.000009
109.15	-0.000006
109.22	-0.000012
109.30	-0.000010
109.39	-0.000008
109.46	-0.000018
109.55	-0.000008
109.62	-0.000004
109.71	-0.000010
109.78	-0.000019
109.86	-0.000009
109.95	-0.000007
110.02	-0.000010
110.11	-0.000007
110.19	-0.000023
110.27	-0.000004
110.34	-0.000003
110.43	-0.000011
110.51	-0.000013
110.57	-0.000018
110.64	-0.000008
110.72	-0.000007
110.80	-0.000005
110.89	-0.000012
110.97	-0.000009
111.05	-0.000003
111.13	-0.000004
111.20	0.000000
111.29	-0.000004
111.36	-0.000003
111.45	0.000011
111.53	0.000009
111.60	-0.000000
111.69	-0.000001
111.77	0.000003
111.84	0.000006
111.93	0.000010
112.00	0.000013
112.09	0.000017
112.16	0.000018
112.25	0.000021
112.33	0.000025
112.40	0.000042
112.49	0.000045
112.57	0.000052
112.65	0.000052
112.73	0.000056
112.81	0.000066
112.89	0.000074
112.97	0.000089
113.05	0.000088
113.13	0.000101
113.21	0.000113
113.29	0.000117
113.36	0.000138
113.45	0.000142
113.53	0.000157
113.61	0.000168
113.69	0.000188
113.77	0.000213
113.85	0.000229
113.93	0.000250
114.01	0.000263
114.08	0.000294
114.17	0.000316
114.24	0.000334
114.32	0.000362
114.41	0.000388
114.48	0.000425
114.56	0.000440
114.64	0.000475
114.73	0.000517
114.81	0.000557
114.88	0.000601
114.97	0.000637
115.05	0.000680
115.12	0.000728
115.21	0.000781
115.28	0.000821
115.37	0.000870
115.44	0.000921
115.52	0.000974
115.60	0.001033
115.68	0.001091
115.76	0.001151
115.85	0.001194
115.93	0.001248
116.00	0.001289
116.08	0.001350
116.16	0.001410
116.25	0.001472
116.32	0.001532
116.40	0.001573
116.48	0.001633
116.56	0.001685
116.65	0.001747
116.72	0.001788
116.81	0.001846
116.88	0.001905
116.96	0.001960
117.04	0.002001
117.13	0.002065
117.20	0.002104
117.29	0.002147
117.36	0.002200
117.44	0.002241
117.52	0.002285
117.61	0.002323
117.69	0.002363
117.76	0.002404
117.85	0.002442
117.92	0.002474
118.01	0.002503
118.09	0.002542
118.16	0.002575
118.25	0.002599
118.32	0.002628
118.41	0.002642
118.48	0.002668
118.56	0.002687
118.65	0.002718
118.72	0.002723
118.81	0.002738
118.88	0.002754
118.97	0.002757
119.05	0.002773
119.12	0.002782
119.21	0.002783
119.29	0.002783
119.36	0.002777
119.44	0.002775
119.52	0.002773
119.60	0.002767
119.68	0.002759
119.76	0.002741
119.84	0.002731
119.92	0.002694
120.00	0.002660
120.08	0.002645
120.16	0.002613
120.24	0.002593
120.32	0.002566
120.41	0.002534
120.48	0.002504
120.56	0.002461
120.64	0.002411
120.72	0.002351
120.80	0.002290
120.88	0.002236
120.96	0.002170
121.04	0.002109
121.12	0.002035
121.20	0.001950
121.28	0.001870
121.36	0.001782
121.44	0.001685
121.52	0.001581
121.60	0.001472
121.68	0.001363
121.76	0.001236
121.84	0.001118
121.92	0.000978
122.00	0.000846
122.08	0.000718
122.16	0.000564
122.24	0.000409
122.32	0.000250
122.41	0.000082
122.48	-0.000102
122.56	-0.000290
122.65	-0.000478
122.72	-0.000678
122.80	-0.000877
122.89	-0.001085
122.96	-0.001304
123.04	-0.001516
123.12	-0.001749
123.20	-0.002002
123.28	-0.002239
123.36	-0.002501
123.44	-0.002769
123.52	-0.003021
123.60	-0.003278
123.68	-0.003543
123.76	-0.003808
123.84	-0.004078
123.92	-0.004352
124.00	-0.004618
124.08	-0.004889
124.16	-0.005169
124.24	-0.005456
124.32	-0.005742
124.40	-0.006007
124.48	-0.006278
124.57	-0.006553
124.64	-0.006839
124.72	-0.007125
124.80	-0.007419
124.88	-0.007696
124.96	-0.007960
125.03	-0.008215
125.12	-0.008475
125.19	-0.008717
125.28	-0.008962
125.36	-0.009205
125.43	-0.009441
125.52	-0.009649
125.60	-0.009846
125.67	-0.010041
125.75	-0.010215
125.83	-0.010378
125.92	-0.010526
125.99	-0.010655
126.08	-0.010781
126.15	-0.010899
126.24	-0.011005
126.32	-0.011103
126.40	-0.011189
126.47	-0.011255
126.56	-0.011319
126.64	-0.011369
126.72	-0.011408
126.80	-0.011436
126.88	-0.011450
126.96	-0.011449
127.04	-0.011446
127.12	-0.011446
127.20	-0.011418
127.28	-0.011405
127.36	-0.011370
127.44	-0.011320
127.52	-0.011257
127.60	-0.011193
127.68	-0.011126
127.76	-0.011051
127.84	-0.010973
127.92	-0.010892
128.00	-0.010811
128.08	-0.010713
128.16	-0.010618
128.24	-0.010513
128.33	-0.010395
128.40	-0.010286
128.48	-0.010158
128.56	-0.010048
128.64	-0.009913
128.72	-0.009782
128.80	-0.009648
128.88	-0.009518
128.96	-0.009382
129.04	-0.009243
129.12	-0.009115
129.20	-0.008973
129.28	-0.008836
129.36	-0.008696
129.44	-0.008550
129.52	-0.008390
129.59	-0.008250
129.68	-0.008096
129.75	-0.007931
129.83	-0.007768
129.92	-0.007609
129.99	-0.007455
130.07	-0.007299
130.15	-0.007143
130.24	-0.006996
130.32	-0.006848
130.39	-0.006687
130.48	-0.006540
130.55	-0.006399
130.64	-0.006255
130.72	-0.006114
130.80	-0.005974
130.88	-0.005844
130.96	-0.005723
131.04	-0.005598
131.12	-0.005470
131.20	-0.005336
131.28	-0.005209
131.36	-0.005095
131.44	-0.004966
131.52	-0.004854
131.60	-0.004733
131.68	-0.004625
131.76	-0.004503
131.84	-0.004392
131.92	-0.004294
132.00	-0.004187
132.08	-0.004091
132.16	-0.003989
132.24	-0.003890
132.32	-0.003793
132.41	-0.003702
132.48	-0.003609
132.57	-0.003506
132.64	-0.003402
132.73	-0.003324
132.81	-0.003228
132.88	-0.003146
132.97	-0.003055
133.04	-0.002970
133.12	-0.002896
133.21	-0.002821
133.28	-0.002726
133.37	-0.002654
133.44	-0.002567
133.53	-0.002488
133.61	-0.002409
133.69	-0.002334
133.76	-0.002271
133.85	-0.002214
133.92	-0.002151
134.01	-0.002080
134.09	-0.002023
134.16	-0.001947
134.25	-0.001891
134.32	-0.001836
134.40	-0.001772
134.48	-0.001725
134.56	-0.001669
134.64	-0.001604
134.72	-0.001556
134.80	-0.001502
134.88	-0.001434
134.96	-0.001374
135.04	-0.001311
135.12	-0.001260
135.20	-0.001208
135.28	-0.001154
135.36	-0.001105
135.44	-0.001060
135.52	-0.001025
135.60	-0.000980
135.68	-0.000934
135.76	-0.000894
135.85	-0.000861
135.92	-0.000812
136.00	-0.000788
136.08	-0.000743
136.16	-0.000700
136.24	-0.000671
136.32	-0.000630
136.40	-0.000605
136.48	-0.000580
136.56	-0.000546
136.64	-0.000512
136.72	-0.000488
136.80	-0.000458
136.88	-0.000430
136.96	-0.000397
137.04	-0.000370
137.12	-0.000350
137.20	-0.000319
137.28	-0.000288
137.36	-0.000264
137.44	-0.000249
137.52	-0.000227
137.60	-0.000201
137.69	-0.000171
137.76	-0.000150
137.85	-0.000146
137.92	-0.000118
138.01	-0.000090
138.08	-0.000070
138.17	-0.000052
138.25	-0.000045
138.32	-0.000019
138.41	0.000002
138.48	0.000018
138.57	0.000031
138.65	0.000054
138.72	0.000068
138.81	0.000091
138.88	0.000094
138.97	0.000108
139.04	0.000124
139.13	0.000140
139.20	0.000145
139.28	0.000167
139.36	0.000179
139.44	0.000196
139.52	0.000208
139.60	0.000212
139.68	0.000214
139.76	0.000215
139.84	0.000231
139.92	0.000248
140.01	0.000255
140.08	0.000277
140.16	0.000303
140.25	0.000321
140.32	0.000348
140.41	0.000366
140.48	0.000378
140.57	0.000380
140.64	0.000382
140.73	0.000389
140.80	0.000407
140.89	0.000424
140.97	0.000430
141.04	0.000440
141.12	0.000457
141.21	0.000475
141.28	0.000481
141.36	0.000490
141.45	0.000502
141.52	0.000516
141.60	0.000533
141.68	0.000559
141.76	0.000569
141.85	0.000591
141.93	0.000600
142.01	0.000613
142.09	0.000623
142.17	0.000622
142.25	0.000643
142.33	0.000654
142.41	0.000666
142.49	0.000677
142.57	0.000677
142.65	0.000686
142.73	0.000711
142.81	0.000726
142.89	0.000741
142.97	0.000746
143.05	0.000758
143.13	0.000766
143.21	0.000788
143.29	0.000787
143.37	0.000808
143.44	0.000810
143.53	0.000818
143.60	0.000830
143.68	0.000845
143.77	0.000859
143.84	0.000868
143.93	0.000883
144.01	0.000898
144.08	0.000906
144.17	0.000917
144.24	0.000931
144.33	0.000945
144.40	0.000949
144.49	0.000951
144.56	0.000965
144.64	0.000973
144.73	0.000975
144.80	0.000985
144.88	0.001002
144.97	0.001007
145.05	0.001018
145.12	0.001035
145.20	0.001045
145.29	0.001048
145.36	0.001068
145.44	0.001077
145.53	0.001097
145.61	0.001098
145.69	0.001105
145.77	0.001115
145.85	0.001123
145.93	0.001128
146.01	0.001142
146.09	0.001158
146.17	0.001165
146.25	0.001182
146.33	0.001187
146.41	0.001192
146.49	0.001200
146.57	0.001204
146.65	0.001219
146.73	0.001220
146.81	0.001232
146.89	0.001240
146.97	0.001246
147.05	0.001254
147.13	0.001257
147.21	0.001259
147.29	0.001268
147.37	0.001274
147.44	0.001285
147.53	0.001289
147.60	0.001304
147.68	0.001313
147.77	0.001308
147.84	0.001316
147.93	0.001319
148.00	0.001322
148.09	0.001336
148.17	0.001335
148.24	0.001347
148.33	0.001357
148.40	0.001358
148.49	0.001357
148.56	0.001351
148.65	0.001374
148.73	0.001381
148.80	0.001384
148.88	0.001383
148.96	0.001376
149.04	0.001386
149.13	0.001390
149.20	0.001393
149.28	0.001397
149.36	0.001404
149.44	0.001405
149.52	0.001410
149.60	0.001421
149.68	0.001420
149.76	0.001411
149.84	0.001420
149.92	0.001422
150.00	0.001435
150.08	0.001441
150.16	0.001447
150.24	0.001449
150.32	0.001446
150.41	0.001448
150.48	0.001449
150.56	0.001461
150.65	0.001454
150.73	0.001460
150.80	0.001462
150.89	0.001465
150.97	0.001463
151.04	0.001473
151.13	0.001473
151.21	0.001473
151.28	0.001469
151.37	0.001481
151.45	0.001485
151.52	0.001486
151.61	0.001492
151.69	0.001478
151.77	0.001486
151.84	0.001492
151.93	0.001487
152.00	0.001494
152.08	0.001490
152.17	0.001498
152.24	0.001511
152.33	0.001502
152.41	0.001503
152.48	0.001496
152.57	0.001502
152.64	0.001501
152.73	0.001503
152.80	0.001515
152.88	0.001524
152.97	0.001514
153.04	0.001521
153.13	0.001516
153.20	0.001519
153.29	0.001515
153.36	0.001530
153.44	0.001520
153.53	0.001520
153.60	0.001519
153.68	0.001522
153.76	0.001524
153.84	0.001523
153.92	0.001524
154.00	0.001529
154.08	0.001521
154.16	0.001520
154.24	0.001518
154.32	0.001516
154.40	0.001515
154.48	0.001516
154.56	0.001519
154.64	0.001524
154.73	0.001516
154.80	0.001521
154.88	0.001519
154.96	0.001517
155.04	0.001520
155.12	0.001519
155.20	0.001532
155.28	0.001529
155.36	0.001529
155.44	0.001524
155.52	0.001523
155.60	0.001525
155.68	0.001517
155.76	0.001515
155.84	0.001521
155.92	0.001512
156.00	0.001513
156.09	0.001513
156.16	0.001522
156.24	0.001513
156.32	0.001517
156.40	0.001531
156.48	0.001532
156.56	0.001526
156.64	0.001521
156.72	0.001511
156.81	0.001525
156.88	0.001518
156.96	0.001514
157.05	0.001505
157.13	0.001505
157.21	0.001509
157.28	0.001518
157.37	0.001514
157.44	0.001518
157.53	0.001504
157.60	0.001510
157.69	0.001515
157.77	0.001520
157.84	0.001513
157.93	0.001499
158.01	0.001500
158.09	0.001496
158.16	0.001496
158.24	0.001500
158.32	0.001513
158.40	0.001511
158.48	0.001510
158.56	0.001492
158.64	0.001491
158.72	0.001496
158.80	0.001498
158.88	0.001487
158.96	0.001502
159.04	0.001502
159.12	0.001502
159.20	0.001499
159.28	0.001503
159.36	0.001502
159.44	0.001490
159.52	0.001479
159.60	0.001481
159.68	0.001488
159.76	0.001493
159.84	0.001494
159.92	0.001491
160.00	0.001486
160.08	0.001476
160.16	0.001477
160.24	0.001482
160.32	0.001484
160.40	0.001479
160.48	0.001473
160.56	0.001477
160.64	0.001477
160.72	0.001486
160.80	0.001473
160.88	0.001473
160.96	0.001468
161.04	0.001466
161.12	0.001467
161.20	0.001475
161.28	0.001472
161.37	0.001472
161.44	0.001480
161.52	0.001471
161.60	0.001474
161.69	0.001466
161.76	0.001469
161.85	0.001458
161.92	0.001455
162.00	0.001453
162.09	0.001462
162.16	0.001460
162.24	0.001454
162.33	0.001451
162.41	0.001455
162.48	0.001451
162.57	0.001452
162.64	0.001462
162.73	0.001441
162.80	0.001443
162.88	0.001443
162.96	0.001446
163.04	0.001451
163.12	0.001441
163.20	0.001437
163.28	0.001442
163.36	0.001444
163.45	0.001433
163.52	0.001428
163.60	0.001425
163.68	0.001431
163.76	0.001426
163.84	0.001434
163.92	0.001421
164.00	0.001432
164.08	0.001433
164.16	0.001431
164.24	0.001424
164.32	0.001421
164.40	0.001420
164.49	0.001418
164.56	0.001424
164.63	0.001435
164.72	0.001420
164.79	0.001428
164.88	0.001424
164.96	0.001418
165.04	0.001419
165.12	0.001414
165.20	0.001415
165.28	0.001417
165.36	0.001418
165.44	0.001417
165.52	0.001409
165.60	0.001408
165.68	0.001417
165.76	0.001418
165.84	0.001412
165.92	0.001413
166.00	0.001413
166.08	0.001405
166.16	0.001403
166.24	0.001411
166.32	0.001403
166.41	0.001400
166.49	0.001401
166.57	0.001413
166.65	0.001399
166.72	0.001401
166.81	0.001395
166.89	0.001392
166.97	0.001388
167.04	0.001392
167.13	0.001392
167.21	0.001391
167.29	0.001401
167.37	0.001393
167.45	0.001392
167.53	0.001392
167.61	0.001393
167.69	0.001394
167.77	0.001395
167.85	0.001397
167.93	0.001378
168.01	0.001377
168.08	0.001384
168.17	0.001379
168.24	0.001381
168.33	0.001385
168.40	0.001384
168.48	0.001378
168.56	0.001375
168.65	0.001386
168.73	0.001388
168.80	0.001380
168.88	0.001378
168.97	0.001382
169.05	0.001387
169.12	0.001379
169.21	0.001376
169.29	0.001376
169.36	0.001380
169.44	0.001387
169.52	0.001377
169.60	0.001374
169.68	0.001369
169.77	0.001363
169.85	0.001368
169.92	0.001372
170.00	0.001363
170.08	0.001377
170.17	0.001383
170.24	0.001377
170.32	0.001383
170.41	0.001387
170.48	0.001383
170.56	0.001378
170.65	0.001379
170.72	0.001380
170.80	0.001379
170.88	0.001386
170.97	0.001380
171.04	0.001382
171.13	0.001383
171.20	0.001382
171.28	0.001378
171.37	0.001388
171.44	0.001390
171.53	0.001381
171.60	0.001378
171.69	0.001379
171.76	0.001388
171.85	0.001387
171.93	0.001391
172.01	0.001375
172.09	0.001376
172.16	0.001367
172.25	0.001376
172.33	0.001380
172.41	0.001380
172.49	0.001387
172.57	0.001381
172.65	0.001389
172.73	0.001384
172.81	0.001374
172.89	0.001376
172.97	0.001370
173.04	0.001366
173.13	0.001362
173.20	0.001376
173.28	0.001382
173.36	0.001377
173.45	0.001369
173.52	0.001381
173.60	0.001383
173.68	0.001384
173.77	0.001382
173.84	0.001376
173.93	0.001380
174.00	0.001385
174.09	0.001397
174.16	0.001404
174.25	0.001396
174.32	0.001392
174.40	0.001393
174.49	0.001397
174.56	0.001400
174.64	0.001410
174.72	0.001414
174.80	0.001419
174.88	0.001418
174.96	0.001415
175.04	0.001417
175.13	0.001407
175.21	0.001403
175.28	0.001406
175.37	0.001411
175.45	0.001412
175.52	0.001427
175.61	0.001422
175.68	0.001425
175.76	0.001437
175.84	0.001435
175.93	0.001427
176.00	0.001432
176.09	0.001422
176.16	0.001425
176.25	0.001433
176.32	0.001437
176.41	0.001438
176.48	0.001442
176.56	0.001444
176.65	0.001452
176.72	0.001452
176.80	0.001450
176.89	0.001452
176.96	0.001454
177.05	0.001440
177.12	0.001450
177.21	0.001456
177.29	0.001455
177.36	0.001463
177.44	0.001453
177.53	0.001461
177.61	0.001470
177.68	0.001468
177.77	0.001467
177.84	0.001475
177.93	0.001466
178.00	0.001471
178.08	0.001474
178.15	0.001476
178.23	0.001475
178.29	0.001466
178.36	0.001470
178.44	0.001479
178.52	0.001485
178.60	0.001486
178.68	0.001493
178.76	0.001495
178.84	0.001489
178.92	0.001488
179.00	0.001491
179.08	0.001495
179.16	0.001494
179.24	0.001506
179.32	0.001508
179.40	0.001503
179.48	0.001508
179.56	0.001508
179.63	0.001518
179.72	0.001518
179.80	0.001516
179.88	0.001522
179.96	0.001525
180.04	0.001528
180.12	0.001530
180.20	0.001532
180.28	0.001537
180.36	0.001537
180.44	0.001536
180.53	0.001544
180.60	0.001553
180.68	0.001555
180.76	0.001560
180.84	0.001557
180.92	0.001561
181.00	0.001562
181.08	0.001565
181.16	0.001566
181.24	0.001568
181.32	0.001578
181.41	0.001571
181.48	0.001581
181.57	0.001574
181.64	0.001572
181.72	0.001579
181.81	0.001585
181.88	0.001581
181.97	0.001579
182.05	0.001587
182.13	0.001583
182.20	0.001592
182.28	0.001598
182.36	0.001597
182.44	0.001601
182.52	0.001603
182.60	0.001606
182.68	0.001604
182.76	0.001604
182.84	0.001595
182.92	0.001600
183.00	0.001597
183.08	0.001607
183.16	0.001606
183.24	0.001603
183.32	0.001618
183.40	0.001611
183.48	0.001615
183.56	0.001627
183.64	0.001618
183.72	0.001618
183.79	0.001622
183.88	0.001618
183.95	0.001634
184.04	0.001633
184.12	0.001631
184.20	0.001634
184.27	0.001639
184.35	0.001639
184.44	0.001630
184.52	0.001638
184.59	0.001648
184.68	0.001642
184.75	0.001646
184.83	0.001658
184.92	0.001664
184.99	0.001670
185.07	0.001674
185.16	0.001670
185.24	0.001665
185.31	0.001670
185.40	0.001679
185.48	0.001671
185.56	0.001674
185.64	0.001667
185.72	0.001669
185.80	0.001683
185.88	0.001683
185.96	0.001678
186.04	0.001684
186.12	0.001681
186.20	0.001692
186.28	0.001696
186.36	0.001683
186.44	0.001692
186.52	0.001690
186.60	0.001692
186.68	0.001696
186.76	0.001701
186.84	0.001692
186.92	0.001694
187.00	0.001696
187.08	0.001696
187.16	0.001690
187.24	0.001684
187.32	0.001680
187.40	0.001684
187.48	0.001680
187.56	0.001684
187.64	0.001691
187.72	0.001695
187.80	0.001690
187.88	0.001697
187.96	0.001697
188.04	0.001694
188.13	0.001694
188.20	0.001697
188.28	0.001695
188.35	0.001701
188.44	0.001709
188.52	0.001708
188.60	0.001704
188.67	0.001702
188.76	0.001699
188.84	0.001711
188.91	0.001711
188.99	0.001711
189.08	0.001698
189.16	0.001713
189.23	0.001705
189.32	0.001714
189.39	0.001717
189.48	0.001710
189.55	0.001716
189.63	0.001718
189.72	0.001713
189.79	0.001723
189.87	0.001712
189.95	0.001713
190.04	0.001724
190.11	0.001719
190.20	0.001725
190.27	0.001733
190.35	0.001725
190.44	0.001724
190.51	0.001725
190.59	0.001721
190.67	0.001733
190.76	0.001726
190.83	0.001736
190.92	0.001725
190.99	0.001726
191.07	0.001725
191.16	0.001741
191.24	0.001732
191.32	0.001727
191.40	0.001730
191.48	0.001721
191.56	0.001711
191.64	0.001717
191.72	0.001718
191.80	0.001722
191.88	0.001719
191.96	0.001725
192.04	0.001718
192.12	0.001714
192.20	0.001717
192.28	0.001725
192.36	0.001721
192.44	0.001726
192.52	0.001729
192.60	0.001720
192.68	0.001706
192.76	0.001706
192.84	0.001716
192.92	0.001719
193.00	0.001716
193.07	0.001707
193.16	0.001718
193.24	0.001720
193.31	0.001716
193.39	0.001715
193.48	0.001723
193.56	0.001710
193.63	0.001714
193.72	0.001716
193.79	0.001721
193.87	0.001711
193.95	0.001710
194.04	0.001709
194.12	0.001715
194.20	0.001709
194.28	0.001715
194.36	0.001722
194.44	0.001724
194.52	0.001716
194.60	0.001713
194.68	0.001704
194.76	0.001711
194.84	0.001715
194.92	0.001712
195.00	0.001719
195.08	0.001713
195.16	0.001709
195.24	0.001719
195.32	0.001725
195.40	0.001723
195.48	0.001724
195.56	0.001717
195.64	0.001716
195.72	0.001715
195.80	0.001706
195.88	0.001704
195.97	0.001699
196.04	0.001698
196.13	0.001696
196.20	0.001700
196.29	0.001701
196.37	0.001700
196.44	0.001701
196.53	0.001688
196.61	0.001702
196.68	0.001701
196.76	0.001691
196.85	0.001699
196.93	0.001681
197.00	0.001689
197.09	0.001691
197.17	0.001690
197.24	0.001700
197.32	0.001693
197.40	0.001688
197.49	0.001686
197.56	0.001683
197.64	0.001683
197.72	0.001683
197.80	0.001676
197.88	0.001677
197.96	0.001669
198.05	0.001672
198.12	0.001675
198.20	0.001676
198.28	0.001666
198.36	0.001668
198.44	0.001676
198.52	0.001670
198.60	0.001667
198.68	0.001660
198.76	0.001662
198.84	0.001654
198.92	0.001662
199.00	0.001659
199.08	0.001674
199.16	0.001676
199.24	0.001660
199.32	0.001659
199.40	0.001666
199.48	0.001654
199.57	0.001652
199.64	0.001654
199.72	0.001652
199.80	0.001662
199.88	0.001654
199.97	0.001658
200.04	0.001652
200.12	0.001649
200.21	0.001662
200.29	0.001651
200.36	0.001656
200.44	0.001654
200.53	0.001651
200.60	0.001649
200.69	0.001641
200.76	0.001658
200.83	0.001653
200.90	0.001651
200.99	0.001649
201.06	0.001657
201.14	0.001645
201.22	0.001642
201.31	0.001642
201.38	0.001640
201.47	0.001634
201.54	0.001633
201.62	0.001624
201.71	0.001620
201.78	0.001633
201.87	0.001627
201.94	0.001620
202.03	0.001625
202.10	0.001617
202.19	0.001623
202.26	0.001624
202.35	0.001626
202.43	0.001615
202.50	0.001604
202.59	0.001611
202.66	0.001622
202.74	0.001611
202.83	0.001609
202.90	0.001601
202.99	0.001599
203.06	0.001596
203.15	0.001603
203.22	0.001598
203.30	0.001596
203.38	0.001591
203.47	0.001597
203.54	0.001600
203.63	0.001598
203.70	0.001592
203.78	0.001602
203.86	0.001594
203.95	0.001593
204.02	0.001589
204.11	0.001587
204.19	0.001590
204.26	0.001597
204.35	0.001583
204.43	0.001582
204.51	0.001583
204.59	0.001593
204.67	0.001584
204.75	0.001579
204.83	0.001572
204.91	0.001567
204.99	0.001570
205.07	0.001576
205.15	0.001582
205.23	0.001577
205.30	0.001572
205.39	0.001582
205.46	0.001579
205.55	0.001579
205.63	0.001579
205.71	0.001574
205.79	0.001567
205.87	0.001578
205.95	0.001574
206.03	0.001573
206.11	0.001561
206.19	0.001570
206.27	0.001554
206.35	0.001553
206.43	0.001553
206.51	0.001549
206.59	0.001545
206.67	0.001544
206.75	0.001550
206.83	0.001543
206.90	0.001533
206.99	0.001532
207.06	0.001537
207.15	0.001535
207.22	0.001551
207.31	0.001536
207.38	0.001539
207.47	0.001537
207.54	0.001529
207.63	0.001530
207.71	0.001525
207.78	0.001520
207.87	0.001526
207.94	0.001522
208.02	0.001516
208.11	0.001491
208.18	0.001509
208.26	0.001508
208.34	0.001505
208.43	0.001508
208.50	0.001502
208.58	0.001506
208.66	0.001496
208.74	0.001500
208.82	0.001500
208.90	0.001503
208.98	0.001505
209.07	0.001507
209.14	0.001511
209.22	0.001502
209.30	0.001500
209.39	0.001503
209.47	0.001516
209.55	0.001503
209.62	0.001507
209.71	0.001501
209.79	0.001489
209.86	0.001494
209.95	0.001499
210.02	0.001496
210.11	0.001486
210.19	0.001481
210.26	0.001483
210.35	0.001486
210.43	0.001484
210.51	0.001483
210.58	0.001480
210.67	0.001487
210.75	0.001492
210.82	0.001479
210.91	0.001479
210.99	0.001471
211.06	0.001477
211.15	0.001480
211.23	0.001479
211.30	0.001476
211.39	0.001470
211.46	0.001480
211.55	0.001464
211.62	0.001462
211.71	0.001455
211.78	0.001448
211.86	0.001450
211.94	0.001454
212.03	0.001451
212.11	0.001455
212.18	0.001461
212.27	0.001451
212.34	0.001448
212.43	0.001446
212.50	0.001449
212.59	0.001439
212.66	0.001446
212.74	0.001430
212.82	0.001448
212.90	0.001444
212.98	0.001443
213.06	0.001433
213.14	0.001435
213.22	0.001433
213.30	0.001428
213.38	0.001429
213.46	0.001429
213.54	0.001439
213.62	0.001429
213.70	0.001430
213.78	0.001430
213.86	0.001428
213.94	0.001433
214.02	0.001424
214.10	0.001433
214.18	0.001422
214.26	0.001419
214.34	0.001414
214.42	0.001423
214.50	0.001411
214.58	0.001418
214.66	0.001419
214.74	0.001411
214.82	0.001413
214.91	0.001416
214.99	0.001417
215.06	0.001415
215.15	0.001410
215.22	0.001409
215.31	0.001412
215.38	0.001417
215.47	0.001410
215.54	0.001401
215.63	0.001412
215.71	0.001412
215.78	0.001406
215.86	0.001399
215.94	0.001386
216.03	0.001390
216.11	0.001391
216.19	0.001382
216.26	0.001377
216.35	0.001382
216.42	0.001389
216.50	0.001385
216.59	0.001384
216.66	0.001389
216.74	0.001387
216.83	0.001378
216.90	0.001365
216.98	0.001369
217.07	0.001365
217.14	0.001361
217.22	0.001361
217.30	0.001370
217.38	0.001368
217.46	0.001366
217.54	0.001364
217.62	0.001354
217.70	0.001354
217.78	0.001351
217.86	0.001360
217.94	0.001357
218.02	0.001344
218.10	0.001353
218.18	0.001358
218.26	0.001353
218.34	0.001342
218.42	0.001351
218.50	0.001350
218.58	0.001348
218.66	0.001336
218.74	0.001340
218.82	0.001345
218.90	0.001351
218.98	0.001354
219.06	0.001355
219.14	0.001351
219.22	0.001344
219.30	0.001340
219.38	0.001347
219.46	0.001337
219.54	0.001331
219.62	0.001329
219.70	0.001325
219.78	0.001332
219.86	0.001330
219.94	0.001334
220.02	0.001342
220.10	0.001332
220.19	0.001335
220.26	0.001328
220.35	0.001333
220.42	0.001326
220.50	0.001325
220.59	0.001313
220.67	0.001325
220.74	0.001325
220.83	0.001329
220.90	0.001318
220.98	0.001314
221.07	0.001327
221.14	0.001317
221.23	0.001313
221.30	0.001322
221.38	0.001312
221.47	0.001307
221.55	0.001300
221.62	0.001297
221.70	0.001296
221.79	0.001300
221.86	0.001298
221.94	0.001300
222.03	0.001286
222.10	0.001283
222.18	0.001288
222.26	0.001286
222.34	0.001288
222.43	0.001292
222.50	0.001283
222.58	0.001284
222.66	0.001283
222.74	0.001289
222.82	0.001283
222.90	0.001280
222.98	0.001285
223.06	0.001272
223.14	0.001258
223.23	0.001248
223.30	0.001259
223.38	0.001263
223.46	0.001262
223.54	0.001259
223.62	0.001261
223.70	0.001264
223.78	0.001259
223.85	0.001262
223.94	0.001269
224.02	0.001277
224.10	0.001265
224.18	0.001264
224.26	0.001265
224.34	0.001247
224.42	0.001249
224.50	0.001257
224.58	0.001259
224.66	0.001259
224.74	0.001267
224.82	0.001263
224.90	0.001262
224.98	0.001260
225.06	0.001253
225.14	0.001265
225.22	0.001250
225.30	0.001241
225.38	0.001256
225.46	0.001257
225.54	0.001249
225.63	0.001261
225.70	0.001256
225.78	0.001251
225.87	0.001247
225.94	0.001248
226.03	0.001249
226.10	0.001256
226.19	0.001239
226.26	0.001234
226.34	0.001237
226.43	0.001225
226.51	0.001229
226.58	0.001231
226.66	0.001233
226.75	0.001233
226.82	0.001231
226.91	0.001229
226.99	0.001229
227.06	0.001225
227.14	0.001214
227.22	0.001212
227.30	0.001214
227.38	0.001213
227.46	0.001210
227.54	0.001208
227.62	0.001209
227.70	0.001211
227.78	0.001220
227.86	0.001215
227.94	0.001221
228.02	0.001215
228.10	0.001204
228.18	0.001210
228.26	0.001201
228.34	0.001199
228.41	0.001203
228.50	0.001198
228.58	0.001209
228.65	0.001202
228.74	0.001201
228.82	0.001200
228.90	0.001198
228.97	0.001204
229.06	0.001206
229.14	0.001201
229.22	0.001198
229.30	0.001203
229.38	0.001194
229.46	0.001192
229.54	0.001190
229.62	0.001200
229.70	0.001186
229.78	0.001198
229.86	0.001193
229.94	0.001188
230.02	0.001186
230.10	0.001186
230.18	0.001187
230.26	0.001191
230.34	0.001199
230.42	0.001206
230.50	0.001198
230.58	0.001181
230.66	0.001186
230.74	0.001188
230.82	0.001189
230.90	0.001188
230.99	0.001178
231.06	0.001182
231.15	0.001180
231.22	0.001180
231.30	0.001169
231.38	0.001164
231.46	0.001171
231.54	0.001175
231.63	0.001168
231.70	0.001175
231.79	0.001172
231.86	0.001164
231.94	0.001161
232.02	0.001155
232.10	0.001156
232.18	0.001159
232.26	0.001161
232.34	0.001160
232.42	0.001158
232.50	0.001166
232.58	0.001150
232.66	0.001155
232.74	0.001159
232.82	0.001155
232.90	0.001147
232.98	0.001147
233.06	0.001151
233.14	0.001160
233.22	0.001147
233.29	0.001152
233.38	0.001158
233.46	0.001150
233.54	0.001144
233.61	0.001150
233.70	0.001150
233.78	0.001154
233.85	0.001149
233.94	0.001147
234.02	0.001138
234.10	0.001141
234.18	0.001140
234.26	0.001134
234.34	0.001140
234.42	0.001128
234.50	0.001145
234.58	0.001141
234.66	0.001141
234.74	0.001134
234.82	0.001131
234.90	0.001134
234.99	0.001132
235.06	0.001125
235.14	0.001141
235.22	0.001142
235.30	0.001146
235.38	0.001147
235.46	0.001138
235.54	0.001142
235.62	0.001123
235.70	0.001121
235.79	0.001118
235.86	0.001123
235.94	0.001116
236.03	0.001126
236.10	0.001124
236.18	0.001114
236.26	0.001122
236.34	0.001113
236.42	0.001115
236.50	0.001116
236.58	0.001117
236.66	0.001116
236.74	0.001117
236.82	0.001116
236.90	0.001111
236.98	0.001111
237.06	0.001116
237.13	0.001127
237.22	0.001110
237.29	0.001101
237.37	0.001104
237.45	0.001108
237.53	0.001107
237.62	0.001100
237.69	0.001100
237.77	0.001097
237.86	0.001093
237.93	0.001105
238.02	0.001101
238.10	0.001102
238.18	0.001097
238.25	0.001094
238.33	0.001093
238.42	0.001092
238.49	0.001100
238.57	0.001095
238.66	0.001098
238.74	0.001090
238.82	0.001088
238.89	0.001103
238.97	0.001095
239.05	0.001094
239.14	0.001096
239.21	0.001097
239.29	0.001094
239.38	0.001089
239.45	0.001081
239.53	0.001082
239.61	0.001082
239.70	0.001071
239.77	0.001069
239.85	0.001067
239.94	0.001080
240.01	0.001077
240.09	0.001066
240.18	0.001077
240.26	0.001078
240.35	0.001080
240.42	0.001082
240.50	0.001085
240.58	0.001091
240.67	0.001094
240.74	0.001086
240.82	0.001087
240.91	0.001087
240.98	0.001075
241.06	0.001071
241.14	0.001069
241.22	0.001051
241.30	0.001060
241.38	0.001065
241.46	0.001062
241.54	0.001058
241.62	0.001062
241.70	0.001064
241.78	0.001057
241.86	0.001059
241.94	0.001067
242.02	0.001066
242.10	0.001052
242.18	0.001053
242.26	0.001052
242.34	0.001053
242.42	0.001050
242.50	0.001044
242.58	0.001045
242.66	0.001046
242.74	0.001046
242.82	0.001040
242.90	0.001050
242.97	0.001049
243.05	0.001056
243.13	0.001057
243.21	0.001047
243.30	0.001062
243.38	0.001048
243.45	0.001047
243.54	0.001045
243.61	0.001058
243.70	0.001065
243.77	0.001067
243.85	0.001055
243.94	0.001051
244.01	0.001041
244.10	0.001049
244.17	0.001040
244.26	0.001037
244.33	0.001042
244.42	0.001044
244.50	0.001042
244.57	0.001046
244.66	0.001049
244.74	0.001055
244.82	0.001053
244.90	0.001050
244.98	0.001050
245.06	0.001046
245.14	0.001052
245.22	0.001052
245.30	0.001050
245.38	0.001056
245.46	0.001051
245.54	0.001051
245.62	0.001047
245.70	0.001045
245.78	0.001051
245.86	0.001051
245.94	0.001056
246.02	0.001045
246.10	0.001043
246.18	0.001037
246.26	0.001038
246.34	0.001039
246.42	0.001032
246.50	0.001030
246.58	0.001038
246.66	0.001037
246.74	0.001036
246.82	0.001041
246.90	0.001039
246.98	0.001024
247.06	0.001023
247.13	0.001030
247.22	0.001033
247.29	0.001025
247.38	0.001026
247.45	0.001029
247.54	0.001032
247.62	0.001029
247.70	0.001036
247.78	0.001034
247.86	0.001031
247.94	0.001030
248.02	0.001030
248.10	0.001032
248.18	0.001024
248.26	0.001022
248.34	0.001023
248.42	0.001021
248.50	0.001031
248.58	0.001030
248.66	0.001038
248.74	0.001042
248.82	0.001033
248.90	0.001042
248.98	0.001036
249.06	0.001034
249.14	0.001030
249.22	0.001038
249.30	0.001028
249.38	0.001023
249.47	0.001033
249.54	0.001025
249.62	0.001038
249.71	0.001034
249.78	0.001036
249.86	0.001040
249.95	0.001040
250.02	0.001035
250.11	0.001029
250.19	0.001033
250.26	0.001036
250.34	0.001030
250.42	0.001033
250.51	0.001027
250.58	0.001027
250.67	0.001024
250.74	0.001020
250.82	0.001020
250.91	0.001030
250.98	0.001013
251.06	0.001018
251.15	0.001014
251.22	0.001023
251.30	0.001015
251.38	0.001019
251.47	0.001019
251.54	0.001015
251.62	0.001014
251.71	0.001017
251.78	0.001012
251.86	0.001001
251.94	0.001004
252.02	0.001006
252.10	0.001002
252.18	0.001008
252.26	0.001005
252.35	0.001011
252.42	0.001011
252.50	0.001009
252.58	0.001010
252.66	0.001010
252.74	0.001004
252.82	0.001018
252.90	0.001009
252.98	0.001009
253.06	0.001012
253.14	0.001004
253.22	0.001014
253.30	0.001000
253.38	0.000993
253.47	0.001005
253.54	0.001013
253.62	0.001014
253.71	0.001011
253.79	0.001002
253.86	0.001001
253.95	0.001006
254.03	0.001000
254.10	0.000999
254.19	0.000992
254.26	0.001000
254.34	0.001004
254.42	0.000999
254.51	0.001015
254.58	0.001014
254.67	0.001013
254.74	0.001003
254.83	0.001001
254.90	0.001006
254.99	0.001005
255.06	0.001000
255.14	0.001013
255.23	0.001011
255.30	0.001006
255.38	0.001003
255.47	0.001015
255.55	0.001016
255.63	0.001004
255.71	0.001009
255.78	0.001011
255.87	0.000998
255.94	0.000997
256.03	0.001009
256.11	0.001013
256.18	0.001000
256.27	0.000998
256.34	0.000993
256.43	0.000986
256.51	0.000992
256.59	0.001001
256.66	0.000990
256.74	0.000991
256.83	0.001008
256.91	0.001005
256.99	0.001005
257.06	0.000997
257.14	0.000988
257.22	0.000980
257.31	0.000977
257.38	0.000982
257.46	0.000987
257.54	0.000978
257.62	0.000985
257.70	0.000987
257.78	0.000994
257.86	0.000991
257.94	0.001006
258.02	0.001005
258.11	0.000997
258.18	0.001003
258.26	0.001001
258.34	0.000993
258.42	0.000990
258.51	0.000988
258.59	0.000997
258.66	0.000994
258.75	0.001001
258.83	0.000993
258.90	0.000986
258.99	0.000973
259.06	0.000982
259.15	0.000983
259.22	0.000993
259.31	0.000996
259.38	0.001006
259.46	0.001006
259.55	0.001005
259.62	0.000989
259.71	0.000997
259.78	0.001002
259.86	0.001009
259.95	0.001007
260.02	0.001006
260.11	0.001007
260.19	0.001014
260.27	0.001014
260.35	0.001012
260.43	0.001014
260.51	0.001021
260.58	0.001023
260.67	0.001018
260.75	0.001004
260.82	0.000999
260.91	0.001006
260.99	0.001007
261.06	0.001007
261.15	0.001005
261.22	0.000995
261.31	0.001004
261.38	0.000999
261.47	0.000998
261.55	0.000995
261.62	0.001003
261.71	0.001004
261.78	0.001006
261.86	0.000998
261.95	0.001008
262.02	0.001001
262.11	0.000996
262.18	0.000992
262.26	0.000994
262.34	0.001001
262.42	0.001004
262.50	0.001006
262.58	0.001010
262.66	0.001008
262.74	0.001004
262.82	0.001007
262.90	0.001000
262.98	0.001002
263.07	0.001010
263.14	0.001005
263.23	0.000995
263.30	0.001005
263.38	0.001006
263.47	0.001008
263.54	0.000998
263.62	0.001003
263.71	0.001011
263.78	0.001009
263.87	0.001004
263.95	0.000999
264.02	0.000999
264.11	0.000999
264.18	0.000997
264.26	0.001000
264.35	0.001014
264.42	0.001012
264.51	0.001020
264.59	0.001015
264.66	0.001023
264.75	0.001013
264.82	0.001025
264.91	0.001022
264.98	0.001016
265.07	0.001014
265.15	0.001016
265.22	0.001012
265.31	0.001018
265.39	0.001019
265.46	0.001014
265.55	0.001012
265.62	0.001005
265.70	0.001012
265.78	0.001015
265.87	0.001020
265.94	0.001008
266.02	0.001004
266.10	0.001011
266.18	0.001006
266.26	0.001009
266.34	0.000998
266.42	0.000992
266.50	0.000995
266.58	0.001007
266.66	0.001008
266.74	0.001001
266.82	0.001007
266.90	0.001003
266.98	0.001009
267.06	0.000995
267.14	0.000997
267.22	0.001004
267.30	0.001017
267.38	0.001008
267.45	0.001006
267.54	0.001004
267.62	0.000996
267.69	0.000993
267.78	0.001001
267.86	0.000994
267.94	0.000996
268.02	0.001005
268.10	0.001006
268.18	0.001003
268.26	0.001010
268.34	0.001007
268.42	0.001003
268.50	0.001008
268.58	0.001013
268.66	0.001010
268.74	0.001010
268.82	0.001015
268.90	0.001015
268.98	0.001002
269.06	0.001018
269.14	0.001008
269.22	0.001007
269.30	0.001012
269.38	0.001012
269.46	0.001015
269.55	0.001007
269.62	0.001015
269.70	0.001018
269.78	0.001022
269.87	0.001019
269.94	0.001018
270.02	0.001023
270.10	0.001029
270.18	0.001024
270.27	0.001028
270.34	0.001028
270.42	0.001035
270.50	0.001022
270.58	0.001026
270.66	0.001036
270.74	0.001018
270.82	0.001012
270.90	0.001014
270.98	0.001016
271.06	0.001016
271.14	0.001011
271.22	0.001013
271.30	0.001008
271.38	0.001024
271.46	0.001010
271.54	0.001014
271.62	0.001024
271.69	0.001027
271.77	0.001013
271.86	0.001009
271.94	0.000997
272.01	0.001000
272.09	0.001014
272.18	0.001011
272.25	0.001006
272.34	0.001006
272.42	0.001005
272.49	0.001008
272.58	0.001011
272.66	0.001010
272.74	0.001009
272.81	0.001006
272.90	0.001011
272.98	0.001017
273.05	0.001019
273.14	0.001027
273.21	0.001016
273.29	0.001012
273.38	0.001022
273.45	0.001019
273.54	0.001021
273.62	0.001025
273.69	0.001023
273.78	0.001023
273.86	0.001018
273.94	0.001013
274.02	0.001015
274.10	0.001029
274.18	0.001029
274.26	0.001027
274.34	0.001031
274.42	0.001017
274.50	0.001025
274.58	0.001028
274.66	0.001030
274.74	0.001040
274.82	0.001040
274.90	0.001038
274.98	0.001046
275.06	0.001046
275.14	0.001044
275.22	0.001036
275.30	0.001039
275.38	0.001045
275.46	0.001045
275.54	0.001044
275.62	0.001052
275.70	0.001040
275.78	0.001047
275.86	0.001038
275.94	0.001031
276.02	0.001027
276.10	0.001019
276.18	0.001021
276.26	0.001017
276.33	0.001024
276.42	0.001025
276.50	0.001023
276.58	0.001029
276.66	0.001031
276.74	0.001025
276.81	0.001028
276.90	0.001028
276.97	0.001024
277.06	0.001027
277.14	0.001024
277.21	0.001019
277.30	0.001024
277.37	0.001013
277.45	0.001012
277.54	0.001026
277.62	0.001018
277.70	0.001023
277.78	0.001033
277.86	0.001026
277.94	0.001037
278.02	0.001025
278.10	0.001025
278.18	0.001030
278.26	0.001035
278.34	0.001042
278.42	0.001046
278.50	0.001044
278.58	0.001044
278.66	0.001041
278.74	0.001035
278.82	0.001046
278.90	0.001052
278.99	0.001057
279.07	0.001043
279.14	0.001055
279.22	0.001055
279.30	0.001050
279.38	0.001053
279.46	0.001049
279.55	0.001048
279.63	0.001055
279.70	0.001059
279.78	0.001069
279.87	0.001064
279.94	0.001075
280.02	0.001071
280.11	0.001072
280.19	0.001066
280.27	0.001062
280.34	0.001060
280.43	0.001057
280.51	0.001051
280.58	0.001063
280.67	0.001063
280.75	0.001057
280.82	0.001057
280.90	0.001053
280.99	0.001055
281.06	0.001060
281.14	0.001062
281.21	0.001066
281.30	0.001068
281.38	0.001065
281.46	0.001060
281.54	0.001059
281.62	0.001054
281.70	0.001045
281.78	0.001057
281.86	0.001058
281.94	0.001045
282.02	0.001044
282.10	0.001059
282.18	0.001062
282.26	0.001065
282.34	0.001052
282.42	0.001057
282.50	0.001061
282.58	0.001072
282.66	0.001070
282.74	0.001067
282.82	0.001068
282.90	0.001065
282.98	0.001064
283.06	0.001064
283.14	0.001067
283.22	0.001077
283.30	0.001078
283.38	0.001067
283.46	0.001074
283.54	0.001074
283.62	0.001065
283.70	0.001068
283.78	0.001071
283.86	0.001070
283.94	0.001074
284.02	0.001090
284.10	0.001074
284.18	0.001077
284.26	0.001086
284.35	0.001084
284.43	0.001083
284.50	0.001095
284.59	0.001088
284.66	0.001093
284.74	0.001101
284.83	0.001092
284.90	0.001101
284.98	0.001102
285.07	0.001101
285.15	0.001106
285.22	0.001104
285.31	0.001112
285.38	0.001113
285.47	0.001117
285.55	0.001100
285.63	0.001098
285.71	0.001103
285.79	0.001098
285.86	0.001090
285.94	0.001091
286.02	0.001100
286.10	0.001099
286.18	0.001099
286.26	0.001096
286.34	0.001113
286.42	0.001116
286.51	0.001111
286.58	0.001108
286.66	0.001104
286.74	0.001095
286.82	0.001096
286.90	0.001099
286.98	0.001101
287.06	0.001100
287.14	0.001109
287.22	0.001104
287.30	0.001108
287.38	0.001100
287.45	0.001090
287.54	0.001098
287.62	0.001107
287.70	0.001110
287.77	0.001108
287.86	0.001106
287.94	0.001110
288.01	0.001123
288.10	0.001119
288.18	0.001114
288.26	0.001118
288.34	0.001123
288.42	0.001122
288.50	0.001118
288.58	0.001119
288.66	0.001121
288.74	0.001124
288.82	0.001121
288.90	0.001120
288.98	0.001135
289.06	0.001143
289.14	0.001132
289.22	0.001139
289.30	0.001144
289.38	0.001137
289.46	0.001137
289.55	0.001141
289.62	0.001154
289.70	0.001152
289.78	0.001158
289.86	0.001156
289.94	0.001160
290.02	0.001172
290.11	0.001167
290.18	0.001161
290.26	0.001164
290.34	0.001162
290.43	0.001166
290.50	0.001153
290.59	0.001156
290.67	0.001153
290.74	0.001158
290.82	0.001157
290.90	0.001150
290.99	0.001162
291.06	0.001164
291.14	0.001167
291.22	0.001168
291.30	0.001160
291.38	0.001164
291.46	0.001171
291.54	0.001167
291.63	0.001166
291.70	0.001169
291.78	0.001179
291.86	0.001170
291.94	0.001168
292.02	0.001177
292.10	0.001168
292.18	0.001167
292.26	0.001171
292.34	0.001170
292.42	0.001184
292.50	0.001186
292.57	0.001182
292.66	0.001180
292.73	0.001188
292.82	0.001180
292.90	0.001178
292.98	0.001183
293.06	0.001194
293.14	0.001196
293.22	0.001190
293.30	0.001191
293.38	0.001196
293.46	0.001194
293.54	0.001204
293.62	0.001200
293.70	0.001201
293.78	0.001204
293.86	0.001208
293.94	0.001204
294.02	0.001228
294.10	0.001235
294.18	0.001229
294.26	0.001232
294.34	0.001238
294.42	0.001243
294.51	0.001243
294.58	0.001227
294.67	0.001227
294.74	0.001235
294.82	0.001241
294.90	0.001241
294.98	0.001242
295.06	0.001247
295.14	0.001260
295.22	0.001254
295.30	0.001260
295.38	0.001256
295.46	0.001254
295.54	0.001244
295.62	0.001245
295.70	0.001246
295.78	0.001243
295.86	0.001240
295.94	0.001249
296.02	0.001255
296.10	0.001257
296.18	0.001258
296.26	0.001267
296.33	0.001261
296.42	0.001259
296.49	0.001259
296.58	0.001262
296.65	0.001263
296.74	0.001269
296.82	0.001280
296.89	0.001267
296.98	0.001265
297.06	0.001271
297.14	0.001277
297.22	0.001285
297.29	0.001293
297.38	0.001293
297.45	0.001289
297.54	0.001284
297.62	0.001276
297.69	0.001276
297.78	0.001293
297.86	0.001290
297.93	0.001286
298.02	0.001299
298.09	0.001303
298.15	0.001304
298.23	0.001307
298.30	0.001305
298.38	0.001300
298.45	0.001304
298.54	0.001309
298.61	0.001318
298.70	0.001327
298.77	0.001320
298.86	0.001319
298.93	0.001327
299.02	0.001336
299.09	0.001333
299.18	0.001338
299.26	0.001344
299.33	0.001339
299.42	0.001343
299.50	0.001352
299.57	0.001350
299.66	0.001352
299.74	0.001368
299.82	0.001377
299.90	0.001379
299.98	0.001387
300.06	0.001391
300.14	0.001390
300.21	0.001377
300.30	0.001387
300.38	0.001391
300.45	0.001386
300.54	0.001394
300.61	0.001394
300.70	0.001383
300.77	0.001388
300.85	0.001392
300.94	0.001390
301.02	0.001397
301.10	0.001407
301.17	0.001410
301.26	0.001399
301.34	0.001411
301.41	0.001407
301.50	0.001408
301.58	0.001414
301.65	0.001409
301.73	0.001415
301.82	0.001426
301.89	0.001422
301.98	0.001426
302.05	0.001437
302.14	0.001442
302.22	0.001447
302.29	0.001455
302.37	0.001453
302.46	0.001451
302.54	0.001445
302.62	0.001454
302.69	0.001450
302.77	0.001453
302.86	0.001459
302.94	0.001466
303.02	0.001476
303.10	0.001480
303.18	0.001486
303.26	0.001487
303.34	0.001488
303.42	0.001494
303.50	0.001502
303.58	0.001504
303.67	0.001505
303.74	0.001513
303.82	0.001514
303.90	0.001519
303.98	0.001529
304.06	0.001526
304.14	0.001541
304.22	0.001544
304.30	0.001548
304.38	0.001552
304.46	0.001557
304.54	0.001557
304.62	0.001563
304.70	0.001575
304.78	0.001578
304.86	0.001576
304.94	0.001577
305.02	0.001583
305.10	0.001599
305.18	0.001601
305.26	0.001595
305.34	0.001591
305.42	0.001591
305.50	0.001589
305.58	0.001600
305.66	0.001601
305.74	0.001607
305.82	0.001608
305.90	0.001622
305.98	0.001624
306.06	0.001632
306.13	0.001635
306.22	0.001633
306.29	0.001640
306.38	0.001654
306.46	0.001660
306.53	0.001660
306.62	0.001667
306.69	0.001665
306.78	0.001669
306.86	0.001667
306.93	0.001679
307.02	0.001685
307.09	0.001697
307.18	0.001692
307.26	0.001697
307.33	0.001698
307.42	0.001718
307.50	0.001733
307.58	0.001730
307.66	0.001739
307.74	0.001730
307.82	0.001734
307.90	0.001750
307.98	0.001756
308.06	0.001768
308.14	0.001777
308.22	0.001778
308.30	0.001780
308.38	0.001786
308.46	0.001796
308.54	0.001800
308.62	0.001806
308.70	0.001820
308.78	0.001832
308.86	0.001831
308.94	0.001843
309.02	0.001838
309.10	0.001855
309.19	0.001863
309.26	0.001859
309.34	0.001873
309.43	0.001884
309.50	0.001893
309.58	0.001903
309.67	0.001912
309.75	0.001928
309.82	0.001925
309.90	0.001938
309.98	0.001952
310.06	0.001954
310.14	0.001963
310.22	0.001965
310.30	0.001971
310.38	0.001971
310.46	0.001978
310.54	0.001981
310.62	0.001989
310.70	0.001998
310.78	0.002009
310.86	0.001999
310.94	0.002000
311.02	0.002015
311.10	0.002020
311.18	0.002033
311.26	0.002030
311.34	0.002036
311.42	0.002054
311.50	0.002055
311.57	0.002074
311.65	0.002083
311.74	0.002082
311.82	0.002088
311.89	0.002114
311.98	0.002123
312.06	0.002133
312.14	0.002143
312.21	0.002146
312.30	0.002158
312.38	0.002169
312.46	0.002179
312.54	0.002181
312.62	0.002193
312.70	0.002202
312.78	0.002194
312.86	0.002219
312.94	0.002234
313.02	0.002245
313.10	0.002254
313.18	0.002260
313.26	0.002269
313.34	0.002283
313.42	0.002286
313.50	0.002294
313.58	0.002315
313.66	0.002333
313.75	0.002344
313.82	0.002352
313.90	0.002380
313.98	0.002385
314.07	0.002401
314.14	0.002419
314.23	0.002430
314.30	0.002454
314.38	0.002468
314.46	0.002475
314.55	0.002479
314.63	0.002501
314.70	0.002522
314.79	0.002534
314.87	0.002546
314.94	0.002562
315.03	0.002575
315.11	0.002590
315.19	0.002594
315.26	0.002614
315.35	0.002623
315.43	0.002638
315.51	0.002646
315.58	0.002644
315.67	0.002670
315.74	0.002675
315.83	0.002694
315.91	0.002710
315.98	0.002719
316.06	0.002748
316.14	0.002754
316.23	0.002769
316.30	0.002775
316.38	0.002811
316.46	0.002828
316.54	0.002848
316.62	0.002853
316.70	0.002865
316.78	0.002888
316.87	0.002902
316.94	0.002921
317.02	0.002942
317.10	0.002955
317.18	0.002972
317.26	0.002994
317.35	0.003014
317.42	0.003029
317.51	0.003052
317.58	0.003067
317.66	0.003102
317.75	0.003108
317.83	0.003127
317.90	0.003152
317.99	0.003179
318.07	0.003195
318.14	0.003207
318.23	0.003225
318.30	0.003241
318.38	0.003266
318.47	0.003296
318.54	0.003330
318.63	0.003363
318.71	0.003394
318.79	0.003418
318.87	0.003440
318.94	0.003462
319.03	0.003490
319.11	0.003522
319.19	0.003548
319.26	0.003583
319.35	0.003611
319.43	0.003635
319.51	0.003668
319.59	0.003704
319.67	0.003733
319.75	0.003766
319.82	0.003783
319.91	0.003815
319.98	0.003844
320.07	0.003866
320.15	0.003884
320.22	0.003904
320.31	0.003931
320.38	0.003960
320.46	0.004001
320.54	0.004026
320.63	0.004065
320.70	0.004092
320.79	0.004116
320.87	0.004145
320.95	0.004178
321.02	0.004214
321.11	0.004242
321.19	0.004274
321.26	0.004313
321.35	0.004349
321.42	0.004379
321.50	0.004414
321.58	0.004447
321.66	0.004494
321.74	0.004524
321.82	0.004559
321.90	0.004580
321.99	0.004614
322.06	0.004652
322.14	0.004698
322.23	0.004742
322.30	0.004775
322.38	0.004827
322.47	0.004864
322.54	0.004906
322.62	0.004945
322.70	0.004982
322.79	0.005028
322.86	0.005076
322.94	0.005101
323.03	0.005145
323.10	0.005172
323.18	0.005205
323.26	0.005248
323.35	0.005302
323.42	0.005355
323.51	0.005420
323.59	0.005483
323.66	0.005538
323.75	0.005607
323.82	0.005654
323.91	0.005704
323.98	0.005744
324.07	0.005802
324.14	0.005854
324.23	0.005896
324.30	0.005956
324.39	0.006007
324.47	0.006053
324.54	0.006120
324.63	0.006169
324.70	0.006216
324.79	0.006277
324.86	0.006334
324.94	0.006377
325.03	0.006430
325.11	0.006485
325.18	0.006535
325.26	0.006584
325.34	0.006633
325.42	0.006687
325.50	0.006746
325.58	0.006806
325.67	0.006863
325.74	0.006936
325.82	0.006989
325.90	0.007040
325.98	0.007098
326.06	0.007158
326.14	0.007221
326.22	0.007282
326.30	0.007330
326.38	0.007404
326.45	0.007474
326.54	0.007538
326.62	0.007594
326.69	0.007659
326.78	0.007728
326.86	0.007797
326.94	0.007866
327.02	0.007924
327.10	0.007996
327.18	0.008066
327.26	0.008127
327.34	0.008188
327.42	0.008267
327.50	0.008333
327.58	0.008403
327.66	0.008475
327.74	0.008556
327.82	0.008626
327.90	0.008686
327.98	0.008734
328.06	0.008792
328.14	0.008854
328.22	0.008925
328.30	0.009016
328.38	0.009104
328.46	0.009208
328.55	0.009293
328.62	0.009391
328.70	0.009482
328.79	0.009563
328.86	0.009651
328.94	0.009723
329.02	0.009802
329.10	0.009886
329.18	0.009961
329.26	0.010042
329.34	0.010115
329.42	0.010203
329.50	0.010289
329.58	0.010373
329.66	0.010454
329.74	0.010533
329.82	0.010624
329.90	0.010704
329.98	0.010785
330.06	0.010855
330.14	0.010950
330.22	0.011031
330.30	0.011106
330.38	0.011190
330.46	0.011270
330.54	0.011358
330.62	0.011448
330.69	0.011527
330.78	0.011604
330.85	0.011676
330.93	0.011767
331.02	0.011847
331.09	0.011942
331.18	0.012029
331.26	0.012132
331.33	0.012219
331.41	0.012297
331.49	0.012395
331.58	0.012482
331.65	0.012574
331.73	0.012659
331.82	0.012760
331.89	0.012850
331.97	0.012941
332.06	0.013040
332.13	0.013126
332.21	0.013214
332.29	0.013291
332.38	0.013386
332.45	0.013479
332.54	0.013577
332.62	0.013681
332.69	0.013786
332.78	0.013879
332.86	0.013943
332.94	0.014009
333.02	0.014074
333.10	0.014146
333.18	0.014240
333.26	0.014353
333.34	0.014479
333.42	0.014616
333.50	0.014741
333.58	0.014859
333.66	0.014966
333.74	0.015078
333.82	0.015176
333.90	0.015257
333.98	0.015343
334.06	0.015439
334.14	0.015528
334.22	0.015627
334.30	0.015718
334.38	0.015809
334.46	0.015911
334.54	0.016011
334.62	0.016099
334.70	0.016195
334.78	0.016294
334.86	0.016379
334.94	0.016460
335.02	0.016556
335.10	0.016644
335.18	0.016728
335.26	0.016811
335.34	0.016908
335.41	0.016998
335.49	0.017097
335.58	0.017182
335.66	0.017267
335.74	0.017354
335.81	0.017435
335.90	0.017527
335.98	0.017615
336.05	0.017709
336.14	0.017810
336.22	0.017896
336.29	0.017977
336.38	0.018057
336.45	0.018139
336.53	0.018225
336.62	0.018317
336.69	0.018400
336.78	0.018485
336.85	0.018588
336.94	0.018682
337.01	0.018761
337.10	0.018840
337.17	0.018915
337.25	0.018995
337.34	0.019057
337.41	0.019130
337.49	0.019203
337.58	0.019286
337.65	0.019372
337.73	0.019451
337.82	0.019474
337.90	0.019515
337.97	0.019561
338.06	0.019606
338.13	0.019667
338.21	0.019758
338.30	0.019859
338.38	0.019959
338.46	0.020053
338.54	0.020146
338.62	0.020234
338.70	0.020322
338.78	0.020384
338.86	0.020447
338.94	0.020516
339.02	0.020570
339.10	0.020616
339.18	0.020657
339.26	0.020706
339.34	0.020745
339.42	0.020789
339.50	0.020830
339.58	0.020875
339.66	0.020925
339.74	0.020978
339.82	0.021036
339.89	0.021082
339.98	0.021117
340.06	0.021163
340.14	0.021196
340.21	0.021235
340.29	0.021278
340.37	0.021304
340.46	0.021330
340.53	0.021361
340.62	0.021376
340.69	0.021401
340.78	0.021419
340.85	0.021460
340.94	0.021502
341.02	0.021535
341.09	0.021568
341.18	0.021587
341.25	0.021591
341.34	0.021592
341.41	0.021600
341.49	0.021609
341.57	0.021618
341.65	0.021619
341.73	0.021616
341.82	0.021635
341.89	0.021635
341.98	0.021658
342.05	0.021655
342.14	0.021651
342.22	0.021641
342.30	0.021638
342.37	0.021610
342.46	0.021592
342.53	0.021579
342.62	0.021557
342.69	0.021515
342.77	0.021462
342.86	0.021389
342.93	0.021334
343.01	0.021299
343.10	0.021281
343.17	0.021260
343.25	0.021242
343.34	0.021231
343.42	0.021203
343.50	0.021164
343.58	0.021121
343.66	0.021064
343.74	0.021016
343.82	0.020962
343.90	0.020919
343.98	0.020875
344.06	0.020812
344.14	0.020745
344.22	0.020684
344.30	0.020615
344.38	0.020559
344.46	0.020490
344.54	0.020411
344.62	0.020336
344.70	0.020259
344.78	0.020201
344.86	0.020130
344.94	0.020058
345.02	0.019986
345.10	0.019929
345.18	0.019863
345.25	0.019792
345.34	0.019718
345.41	0.019637
345.49	0.019542
345.58	0.019440
345.65	0.019335
345.74	0.019236
345.82	0.019154
345.89	0.019067
345.98	0.018988
346.05	0.018891
346.14	0.018802
346.21	0.018707
346.30	0.018596
346.37	0.018499
346.45	0.018406
346.54	0.018301
346.61	0.018193
346.69	0.018083
346.77	0.017972
346.86	0.017871
346.93	0.017768
347.01	0.017648
347.09	0.017545
347.18	0.017448
347.26	0.017336
347.34	0.017227
347.41	0.017113
347.50	0.017002
347.58	0.016884
347.66	0.016749
347.73	0.016607
347.82	0.016472
347.90	0.016340
347.97	0.016213
348.06	0.016087
348.13	0.015967
348.22	0.015853
348.30	0.015730
348.37	0.015603
348.46	0.015467
348.54	0.015341
348.62	0.015216
348.70	0.015078
348.78	0.014950
348.86	0.014823
348.94	0.014695
349.02	0.014566
349.10	0.014438
349.18	0.014327
349.26	0.014215
349.34	0.014098
349.42	0.013975
349.50	0.013852
349.58	0.013741
349.66	0.013622
349.74	0.013514
349.82	0.013410
349.90	0.013305
349.98	0.013187
350.05	0.013073
350.14	0.012962
350.21	0.012858
350.30	0.012741
350.38	0.012633
350.45	0.012540
350.54	0.012422
350.62	0.012315
350.69	0.012210
350.78	0.012106
350.86	0.011986
350.93	0.011878
351.02	0.011764
351.10	0.011656
351.17	0.011546
351.25	0.011432
351.33	0.011331
351.42	0.011234
351.49	0.011143
351.57	0.011045
351.65	0.010939
351.73	0.010852
351.82	0.010742
351.89	0.010645
351.98	0.010542
352.06	0.010436
352.13	0.010344
352.22	0.010250
352.29	0.010156
352.38	0.010067
352.46	0.009975
352.54	0.009890
352.62	0.009804
352.70	0.009729
352.78	0.009648
352.86	0.009568
352.94	0.009471
353.02	0.009376
353.10	0.009276
353.18	0.009170
353.26	0.009064
353.34	0.008963
353.42	0.008868
353.51	0.008782
353.57	0.008687
353.66	0.008602
353.75	0.008524
353.82	0.008444
353.90	0.008363
353.98	0.008294
354.06	0.008226
354.14	0.008153
354.22	0.008076
354.30	0.008008
354.38	0.007934
354.46	0.007869
354.54	0.007805
354.62	0.007738
354.70	0.007682
354.78	0.007610
354.86	0.007542
354.94	0.007470
355.02	0.007417
355.10	0.007362
355.18	0.007294
355.26	0.007236
355.34	0.007175
355.41	0.007118
355.50	0.007062
355.58	0.007006
355.65	0.006958
355.74	0.006897
355.82	0.006831
355.89	0.006780
355.98	0.006737
356.06	0.006674
356.13	0.006606
356.22	0.006549
356.30	0.006497
356.38	0.006448
356.46	0.006403
356.54	0.006358
356.62	0.006312
356.70	0.006266
356.78	0.006221
356.86	0.006178
356.94	0.006131
357.02	0.006085
357.10	0.006028
357.18	0.005973
357.26	0.005918
357.34	0.005884
357.42	0.005832
357.50	0.005783
357.58	0.005764
357.67	0.005755
357.74	0.005738
357.82	0.005705
357.90	0.005666
357.98	0.005615
358.07	0.005559
358.14	0.005497
358.22	0.005430
358.31	0.005374
358.38	0.005330
358.46	0.005284
358.54	0.005246
358.63	0.005219
358.70	0.005183
358.78	0.005154
358.86	0.005120
358.94	0.005092
359.02	0.005060
359.10	0.005015
359.18	0.004980
359.26	0.004943
359.34	0.004908
359.42	0.004879
359.50	0.004850
359.58	0.004824
359.66	0.004802
359.74	0.004767
359.82	0.004750
359.90	0.004707
359.98	0.004684
360.06	0.004642
360.14	0.004619
360.21	0.004585
360.30	0.004564
360.38	0.004537
360.46	0.004513
360.54	0.004495
360.61	0.004460
360.70	0.004435
360.77	0.004417
360.86	0.004395
360.94	0.004369
361.02	0.004344
361.10	0.004314
361.18	0.004287
361.26	0.004261
361.34	0.004241
361.42	0.004216
361.50	0.004190
361.58	0.004165
361.66	0.004133
361.74	0.004113
361.82	0.004095
361.90	0.004076
361.98	0.004060
362.06	0.004043
362.14	0.004023
362.22	0.004002
362.31	0.003986
362.38	0.003965
362.46	0.003943
362.55	0.003923
362.62	0.003928
362.71	0.003940
362.78	0.003937
362.87	0.003922
362.95	0.003901
363.02	0.003885
363.11	0.003842
363.18	0.003797
363.27	0.003763
363.35	0.003726
363.42	0.003700
363.51	0.003673
363.59	0.003654
363.66	0.003640
363.74	0.003626
363.83	0.003626
363.90	0.003628
363.98	0.003616
364.07	0.003604
364.15	0.003584
364.22	0.003576
364.30	0.003553
364.38	0.003529
364.46	0.003499
364.54	0.003490
364.62	0.003473
364.70	0.003463
364.78	0.003456
364.86	0.003433
364.94	0.003416
365.02	0.003389
365.10	0.003375
365.18	0.003370
365.26	0.003348
365.34	0.003339
365.42	0.003320
365.50	0.003317
365.57	0.003307
365.65	0.003280
365.74	0.003273
365.82	0.003257
365.89	0.003243
365.98	0.003231
366.06	0.003231
366.14	0.003220
366.22	0.003196
366.30	0.003181
366.38	0.003176
366.46	0.003153
366.54	0.003146
366.62	0.003121
366.70	0.003118
366.78	0.003106
366.86	0.003099
366.94	0.003097
367.02	0.003081
367.10	0.003057
367.18	0.003059
367.26	0.003049
367.34	0.003029
367.43	0.003017
367.51	0.003021
367.58	0.003030
367.67	0.003045
367.74	0.003056
367.82	0.003038
367.90	0.003029
367.99	0.003009
368.07	0.002987
368.14	0.002960
368.23	0.002940
368.30	0.002916
368.38	0.002903
368.47	0.002897
368.54	0.002881
368.63	0.002860
368.71	0.002853
368.78	0.002848
368.87	0.002848
368.94	0.002837
369.02	0.002828
369.10	0.002827
369.18	0.002827
369.26	0.002817
369.35	0.002801
369.42	0.002796
369.50	0.002785
369.58	0.002767
369.66	0.002744
369.74	0.002741
369.82	0.002725
369.90	0.002716
369.98	0.002704
370.06	0.002687
370.14	0.002681
370.22	0.002680
370.30	0.002676
370.38	0.002676
370.45	0.002665
370.54	0.002652
370.62	0.002644
370.70	0.002635
370.77	0.002620
370.86	0.002613
370.94	0.002599
371.01	0.002587
371.10	0.002587
371.18	0.002586
371.26	0.002571
371.34	0.002570
371.42	0.002554
371.50	0.002551
371.58	0.002541
371.66	0.002535
371.74	0.002531
371.82	0.002525
371.90	0.002513
371.98	0.002504
372.06	0.002508
372.14	0.002496
372.22	0.002493
372.30	0.002475
372.38	0.002472
372.46	0.002490
372.54	0.002502
372.63	0.002513
372.70	0.002517
372.79	0.002505
372.86	0.002486
372.94	0.002470
373.02	0.002442
373.11	0.002424
373.19	0.002406
373.26	0.002403
373.35	0.002391
373.42	0.002377
373.51	0.002379
373.59	0.002376
373.66	0.002361
373.75	0.002363
373.82	0.002363
373.90	0.002353
373.99	0.002339
374.06	0.002329
374.14	0.002326
374.22	0.002323
374.30	0.002316
374.38	0.002314
374.46	0.002306
374.54	0.002298
374.62	0.002298
374.70	0.002282
374.78	0.002263
374.86	0.002257
374.94	0.002240
375.02	0.002224
375.10	0.002213
375.18	0.002208
375.26	0.002209
375.33	0.002206
375.42	0.002199
375.50	0.002200
375.57	0.002193
375.65	0.002184
375.74	0.002173
375.82	0.002160
375.90	0.002157
375.98	0.002144
376.06	0.002137
376.14	0.002122
376.22	0.002129
376.30	0.002129
376.38	0.002123
376.46	0.002114
376.54	0.002110
376.62	0.002105
376.70	0.002109
376.78	0.002102
376.86	0.002095
376.94	0.002088
377.02	0.002079
377.10	0.002069
377.18	0.002067
377.26	0.002062
377.34	0.002065
377.42	0.002067
377.50	0.002083
377.58	0.002091
377.66	0.002093
377.75	0.002077
377.82	0.002057
377.90	0.002044
377.99	0.002024
378.06	0.002015
378.14	0.001991
378.23	0.001986
378.31	0.001974
378.38	0.001965
378.47	0.001966
378.55	0.001962
378.62	0.001958
378.70	0.001951
378.78	0.001958
378.87	0.001959
378.94	0.001952
379.02	0.001939
379.10	0.001928
379.19	0.001920
379.26	0.001920
379.34	0.001907
379.42	0.001898
379.50	0.001879
379.58	0.001876
379.66	0.001862
379.74	0.001859
379.82	0.001843
379.90	0.001842
379.98	0.001835
380.06	0.001829
380.14	0.001821
380.21	0.001804
380.30	0.001809
380.38	0.001801
380.46	0.001810
380.53	0.001798
380.62	0.001779
380.70	0.001779
380.77	0.001769
380.86	0.001756
380.94	0.001754
381.02	0.001731
381.10	0.001718
381.18	0.001722
381.26	0.001728
381.34	0.001722
381.42	0.001716
381.50	0.001707
381.58	0.001703
381.66	0.001698
381.74	0.001697
381.82	0.001697
381.90	0.001675
381.98	0.001668
382.06	0.001655
382.14	0.001654
382.22	0.001644
382.30	0.001654
382.38	0.001650
382.46	0.001664
382.54	0.001670
382.62	0.001685
382.70	0.001672
382.78	0.001667
382.86	0.001639
382.94	0.001620
383.02	0.001602
383.11	0.001594
383.18	0.001569
383.26	0.001568
383.34	0.001569
383.42	0.001563
383.50	0.001549
383.58	0.001551
383.66	0.001549
383.74	0.001543
383.82	0.001544
383.90	0.001543
383.98	0.001535
384.06	0.001526
384.14	0.001519
384.22	0.001506
384.30	0.001505
384.37	0.001500
384.45	0.001496
384.54	0.001485
384.62	0.001479
384.69	0.001477
384.78	0.001468
384.85	0.001450
384.94	0.001438
385.01	0.001428
385.10	0.001417
385.18	0.001419
385.25	0.001410
385.34	0.001409
385.42	0.001406
385.50	0.001401
385.57	0.001402
385.65	0.001384
385.73	0.001374
385.82	0.001374
385.90	0.001372
385.97	0.001351
386.06	0.001341
386.13	0.001332
386.22	0.001330
386.29	0.001330
386.38	0.001328
386.45	0.001320
386.54	0.001316
386.61	0.001317
386.69	0.001301
386.77	0.001300
386.85	0.001296
386.93	0.001286
387.02	0.001281
387.09	0.001273
387.17	0.001253
387.26	0.001253
387.35	0.001258
387.43	0.001279
387.50	0.001287
387.58	0.001282
387.67	0.001274
387.74	0.001266
387.82	0.001260
387.90	0.001237
387.98	0.001222
388.07	0.001200
388.14	0.001195
388.23	0.001185
388.30	0.001173
388.38	0.001167
388.46	0.001170
388.54	0.001172
388.62	0.001173
388.70	0.001168
388.78	0.001162
388.86	0.001157
388.94	0.001140
389.02	0.001137
389.10	0.001135
389.18	0.001114
389.26	0.001106
389.34	0.001093
389.42	0.001092
389.50	0.001081
389.58	0.001079
389.65	0.001065
389.74	0.001066
389.82	0.001062
389.89	0.001046
389.97	0.001031
390.05	0.001016
390.14	0.001013
390.22	0.001013
390.29	0.001004
390.37	0.000998
390.46	0.001001
390.53	0.001004
390.62	0.000997
390.69	0.000982
390.77	0.000978
390.86	0.000961
390.93	0.000963
391.01	0.000954
391.10	0.000946
391.17	0.000934
391.26	0.000928
391.34	0.000923
391.40	0.000920
391.48	0.000927
391.55	0.000930
391.64	0.000920
391.72	0.000915
391.80	0.000907
391.88	0.000894
391.96	0.000895
392.04	0.000887
392.12	0.000877
392.20	0.000872
392.28	0.000879
392.36	0.000875
392.44	0.000871
392.52	0.000882
392.60	0.000882
392.68	0.000878
392.76	0.000862
392.84	0.000837
392.92	0.000831
393.00	0.000817
393.08	0.000810
393.16	0.000809
393.24	0.000793
393.32	0.000788
393.40	0.000779
393.48	0.000766
393.56	0.000773
393.64	0.000770
393.72	0.000768
393.80	0.000769
393.88	0.000768
393.96	0.000764
394.04	0.000765
394.12	0.000753
394.19	0.000745
394.27	0.000730
394.36	0.000736
394.43	0.000723
394.51	0.000711
394.60	0.000701
394.67	0.000687
394.76	0.000682
394.83	0.000677
394.92	0.000670
395.00	0.000663
395.07	0.000669
395.16	0.000662
395.23	0.000648
395.32	0.000649
395.39	0.000648
395.47	0.000648
395.55	0.000643
395.64	0.000633
395.71	0.000633
395.79	0.000628
395.88	0.000623
395.95	0.000620
396.03	0.000614
396.12	0.000602
396.19	0.000596
396.27	0.000583
396.35	0.000580
396.44	0.000586
396.51	0.000579
396.60	0.000575
396.67	0.000566
396.75	0.000571
396.84	0.000558
396.92	0.000569
396.99	0.000560
397.08	0.000560
397.15	0.000558
397.24	0.000555
397.32	0.000547
397.40	0.000544
397.48	0.000542
397.56	0.000540
397.64	0.000544
397.72	0.000539
397.80	0.000518
397.88	0.000511
397.96	0.000499
398.04	0.000496
398.12	0.000485
398.20	0.000474
398.28	0.000473
398.36	0.000470
398.44	0.000470
398.52	0.000467
398.60	0.000461
398.68	0.000456
398.76	0.000452
398.84	0.000449
398.92	0.000445
399.00	0.000443
399.08	0.000444
399.15	0.000441
399.23	0.000444
399.32	0.000445
399.40	0.000433
399.47	0.000424
399.56	0.000422
399.63	0.000412
399.72	0.000402
399.80	0.000401
399.87	0.000389
399.96	0.000385
400.03	0.000390
400.12	0.000382
400.19	0.000380
400.27	0.000378
400.35	0.000382
400.44	0.000373
400.51	0.000365
400.59	0.000358
400.68	0.000364
400.76	0.000358
400.83	0.000348
400.92	0.000339
401.00	0.000339
401.07	0.000342
401.15	0.000339
401.24	0.000334
401.31	0.000335
401.40	0.000328
401.47	0.000320
401.56	0.000314
401.63	0.000325
401.72	0.000312
401.80	0.000308
401.87	0.000310
401.96	0.000307
402.04	0.000302
402.12	0.000293
402.19	0.000288
402.28	0.000304
402.36	0.000286
402.44	0.000291
402.52	0.000300
402.60	0.000292
402.68	0.000289
402.76	0.000285
402.84	0.000276
402.92	0.000269
403.00	0.000265
403.08	0.000256
403.16	0.000253
403.24	0.000255
403.32	0.000254
403.40	0.000250
403.48	0.000250
403.56	0.000250
403.64	0.000245
403.72	0.000240
403.80	0.000235
403.88	0.000233
403.96	0.000231
404.04	0.000226
404.12	0.000233
404.19	0.000229
404.28	0.000224
404.35	0.000227
404.44	0.000216
404.52	0.000204
404.59	0.000201
404.68	0.000203
404.76	0.000200
404.84	0.000190
404.91	0.000192
405.00	0.000191
405.07	0.000193
405.16	0.000199
405.23	0.000187
405.31	0.000178
405.39	0.000182
405.47	0.000172
405.56	0.000167
405.63	0.000163
405.71	0.000167
405.80	0.000163
405.87	0.000158
405.95	0.000158
406.04	0.000155
406.11	0.000149
406.20	0.000154
406.28	0.000152
406.36	0.000149
406.43	0.000144
406.52	0.000150
406.59	0.000149
406.68	0.000143
406.75	0.000133
406.84	0.000143
406.91	0.000136
407.00	0.000136
407.08	0.000134
407.16	0.000138
407.23	0.000135
407.32	0.000126
407.39	0.000132
407.49	0.000121
407.56	0.000119
407.63	0.000125
407.72	0.000118
407.80	0.000110
407.88	0.000104
407.96	0.000111
408.04	0.000090
408.12	0.000099
408.20	0.000098
408.28	0.000101
408.36	0.000098
408.44	0.000095
408.52	0.000093
408.60	0.000099
408.68	0.000104
408.76	0.000095
408.83	0.000094
408.92	0.000092
408.99	0.000101
409.07	0.000091
409.16	0.000085
409.23	0.000086
409.31	0.000079
409.40	0.000070
409.47	0.000060
409.56	0.000082
409.63	0.000066
409.72	0.000061
409.80	0.000058
409.87	0.000058
409.96	0.000049
410.04	0.000060
410.12	0.000050
410.20	0.000054
410.28	0.000061
410.36	0.000055
410.44	0.000045
410.52	0.000041
410.60	0.000042
410.68	0.000044
410.76	0.000038
410.84	0.000023
410.92	0.000030
411.00	0.000033
411.08	0.000035
411.16	0.000040
411.24	0.000039
411.32	0.000036
411.40	0.000045
411.48	0.000047
411.56	0.000035
411.64	0.000036
411.72	0.000033
411.80	0.000022
411.88	0.000019
411.96	0.000029
412.04	0.000023
412.12	0.000023
412.20	0.000028
412.29	0.000025
412.36	0.000020
412.44	0.000027
412.52	0.000013
412.60	0.000003
412.68	-0.000003
412.76	0.000008
412.84	0.000008
412.92	-0.000009
413.00	-0.000003
413.08	-0.000001
413.16	0.000008
413.24	0.000010
413.32	0.000007
413.39	-0.000002
413.48	0.000014
413.55	-0.000001
413.64	-0.000009
413.71	-0.000013
413.80	-0.000008
413.87	-0.000008
413.96	-0.000014
414.03	-0.000006
414.12	-0.000023
414.20	-0.000016
414.27	-0.000009
414.36	-0.000016
414.43	-0.000013
414.52	-0.000010
414.60	-0.000020
414.67	-0.000020
414.76	-0.000021
414.84	-0.000028
414.91	-0.000023
415.00	-0.000030
415.08	-0.000025
415.15	-0.000031
415.24	-0.000038
415.31	-0.000021
415.40	-0.000018
415.47	-0.000019
415.56	-0.000033
415.63	-0.000042
415.72	-0.000040
415.80	-0.000033
415.88	-0.000034
415.96	-0.000041
416.04	-0.000048
416.12	-0.000047
416.21	-0.000032
416.28	-0.000032
416.37	-0.000031
416.44	-0.000037
416.52	-0.000042
416.60	-0.000050
416.68	-0.000056
416.76	-0.000058
416.84	-0.000047
416.92	-0.000052
417.00	-0.000040
417.08	-0.000033
417.16	-0.000033
417.24	-0.000048
417.32	-0.000052
417.41	-0.000045
417.48	-0.000062
417.56	-0.000065
417.64	-0.000065
417.72	-0.000060
417.80	-0.000056
417.88	-0.000058
417.96	-0.000067
418.04	-0.000068
418.10	-0.000074
418.18	-0.000068
418.26	-0.000073
418.32	-0.000068
418.40	-0.000068
418.48	-0.000074
418.55	-0.000081
418.64	-0.000078
418.71	-0.000071
418.80	-0.000072
418.88	-0.000083
418.95	-0.000080
419.03	-0.000085
419.11	-0.000073
419.20	-0.000080
419.27	-0.000079
419.35	-0.000081
419.44	-0.000085
419.51	-0.000080
419.60	-0.000084
419.67	-0.000076
419.75	-0.000090
419.84	-0.000086
419.91	-0.000087
420.00	-0.000095
420.08	-0.000093
420.16	-0.000090
420.24	-0.000093
420.31	-0.000102
420.40	-0.000108
420.47	-0.000092
420.56	-0.000094
420.64	-0.000091
420.72	-0.000096
420.79	-0.000092
420.88	-0.000091
420.95	-0.000104
421.04	-0.000107
421.12	-0.000098
421.19	-0.000102
421.27	-0.000094
421.36	-0.000111
421.44	-0.000106
421.52	-0.000109
421.60	-0.000111
421.68	-0.000114
421.76	-0.000108
421.84	-0.000102
421.92	-0.000106
422.00	-0.000108
422.08	-0.000111
422.16	-0.000107
422.24	-0.000106
422.32	-0.000109
422.40	-0.000115
422.48	-0.000113
422.56	-0.000125
422.64	-0.000117
422.72	-0.000111
422.81	-0.000112
422.88	-0.000110
422.96	-0.000107
423.04	-0.000117
423.13	-0.000117
423.20	-0.000121
423.28	-0.000114
423.36	-0.000108
423.44	-0.000112
423.52	-0.000120
