#format: kpower1
#filename: kalibracja-ctr-4.txt
#date: 2010-02-19 11:37:39
#description: CTR bezw 2mg/ml w eluencie
0.01	-0.000086
0.09	-0.000084
0.17	-0.000083
0.25	-0.000084
0.33	-0.000080
0.41	-0.000085
0.49	-0.000087
0.57	-0.000089
0.65	-0.000092
0.73	-0.000089
0.81	-0.000085
0.89	-0.000089
0.97	-0.000089
1.05	-0.000096
1.13	-0.000082
1.21	-0.000075
1.29	-0.000096
1.37	-0.000094
1.45	-0.000087
1.53	-0.000077
1.61	-0.000091
1.69	-0.000098
1.77	-0.000107
1.85	-0.000109
1.93	-0.000102
2.01	-0.000099
2.09	-0.000095
2.17	-0.000087
2.25	-0.000082
2.33	-0.000088
2.41	-0.000085
2.48	-0.000088
2.56	-0.000087
2.65	-0.000088
2.72	-0.000087
2.80	-0.000091
2.89	-0.000085
2.96	-0.000091
3.05	-0.000093
3.12	-0.000084
3.21	-0.000083
3.29	-0.000080
3.36	-0.000083
3.45	-0.000094
3.53	-0.000086
3.61	-0.000081
3.68	-0.000081
3.77	-0.000084
3.84	-0.000091
3.92	-0.000082
4.00	-0.000083
4.08	-0.000079
4.16	-0.000093
4.24	-0.000092
4.32	-0.000085
4.40	-0.000080
4.48	-0.000088
4.56	-0.000089
4.64	-0.000081
4.72	-0.000089
4.80	-0.000093
4.88	-0.000086
4.96	-0.000096
5.04	-0.000090
5.12	-0.000096
5.21	-0.000095
5.28	-0.000102
5.37	-0.000091
5.45	-0.000096
5.52	-0.000092
5.61	-0.000080
5.68	-0.000079
5.77	-0.000087
5.84	-0.000083
5.93	-0.000081
6.00	-0.000084
6.08	-0.000074
6.17	-0.000084
6.24	-0.000082
6.32	-0.000084
6.41	-0.000079
6.48	-0.000083
6.57	-0.000081
6.64	-0.000091
6.73	-0.000077
6.81	-0.000089
6.88	-0.000093
6.97	-0.000089
7.04	-0.000088
7.13	-0.000090
7.20	-0.000079
7.28	-0.000075
7.36	-0.000074
7.45	-0.000079
7.52	-0.000076
7.60	-0.000086
7.68	-0.000085
7.76	-0.000079
7.84	-0.000080
7.92	-0.000077
8.00	-0.000067
8.08	-0.000072
8.16	-0.000071
8.24	-0.000071
8.32	-0.000071
8.40	-0.000082
8.48	-0.000078
8.56	-0.000082
8.64	-0.000089
8.72	-0.000080
8.81	-0.000090
8.88	-0.000084
8.96	-0.000080
9.04	-0.000073
9.12	-0.000076
9.20	-0.000079
9.28	-0.000074
9.36	-0.000085
9.44	-0.000088
9.52	-0.000091
9.60	-0.000083
9.68	-0.000093
9.76	-0.000084
9.84	-0.000087
9.92	-0.000086
10.00	-0.000087
10.08	-0.000084
10.16	-0.000076
10.24	-0.000081
10.32	-0.000080
10.40	-0.000084
10.48	-0.000087
10.56	-0.000089
10.64	-0.000081
10.73	-0.000087
10.80	-0.000099
10.89	-0.000087
10.96	-0.000080
11.05	-0.000090
11.12	-0.000084
11.21	-0.000084
11.28	-0.000086
11.37	-0.000074
11.45	-0.000084
11.53	-0.000072
11.61	-0.000068
11.69	-0.000069
11.77	-0.000081
11.85	-0.000086
11.93	-0.000089
12.01	-0.000090
12.09	-0.000087
12.17	-0.000082
12.24	-0.000077
12.32	-0.000086
12.40	-0.000084
12.49	-0.000082
12.57	-0.000086
12.64	-0.000086
12.73	-0.000083
12.80	-0.000081
12.89	-0.000082
12.97	-0.000077
13.05	-0.000080
13.13	-0.000072
13.20	-0.000084
13.29	-0.000077
13.36	-0.000080
13.44	-0.000085
13.53	-0.000084
13.61	-0.000089
13.68	-0.000072
13.76	-0.000075
13.84	-0.000081
13.92	-0.000084
14.00	-0.000083
14.08	-0.000094
14.16	-0.000086
14.24	-0.000089
14.32	-0.000077
14.40	-0.000087
14.48	-0.000084
14.56	-0.000088
14.64	-0.000091
14.73	-0.000089
14.80	-0.000089
14.89	-0.000089
14.96	-0.000091
15.05	-0.000088
15.13	-0.000086
15.20	-0.000078
15.29	-0.000088
15.37	-0.000086
15.44	-0.000081
15.53	-0.000078
15.61	-0.000090
15.68	-0.000094
15.77	-0.000086
15.85	-0.000091
15.92	-0.000091
16.01	-0.000089
16.09	-0.000089
16.17	-0.000091
16.24	-0.000085
16.33	-0.000080
16.40	-0.000077
16.49	-0.000089
16.56	-0.000088
16.64	-0.000086
16.73	-0.000079
16.80	-0.000076
16.89	-0.000087
16.96	-0.000090
17.05	-0.000089
17.12	-0.000087
17.20	-0.000093
17.29	-0.000084
17.36	-0.000094
17.45	-0.000086
17.53	-0.000078
17.61	-0.000086
17.68	-0.000083
17.77	-0.000069
17.85	-0.000070
17.92	-0.000081
18.01	-0.000079
18.08	-0.000080
18.16	-0.000074
18.25	-0.000074
18.33	-0.000075
18.40	-0.000075
18.49	-0.000075
18.56	-0.000078
18.64	-0.000074
18.73	-0.000066
18.80	-0.000065
18.89	-0.000070
18.96	-0.000081
19.04	-0.000087
19.13	-0.000082
19.20	-0.000083
19.29	-0.000083
19.37	-0.000088
19.45	-0.000079
19.53	-0.000081
19.61	-0.000075
19.69	-0.000082
19.77	-0.000089
19.86	-0.000073
19.93	-0.000081
20.01	-0.000078
20.09	-0.000080
20.17	-0.000084
20.25	-0.000094
20.33	-0.000079
20.41	-0.000076
20.49	-0.000075
20.57	-0.000075
20.65	-0.000085
20.73	-0.000084
20.81	-0.000087
20.89	-0.000084
20.97	-0.000082
21.06	-0.000076
21.13	-0.000085
21.22	-0.000083
21.29	-0.000087
21.37	-0.000078
21.45	-0.000066
21.53	-0.000078
21.61	-0.000089
21.69	-0.000086
21.77	-0.000090
21.85	-0.000087
21.93	-0.000086
22.01	-0.000079
22.09	-0.000079
22.17	-0.000088
22.25	-0.000090
22.33	-0.000089
22.41	-0.000083
22.49	-0.000082
22.57	-0.000080
22.65	-0.000092
22.73	-0.000088
22.81	-0.000083
22.89	-0.000075
22.97	-0.000089
23.04	-0.000086
23.13	-0.000079
23.20	-0.000098
23.29	-0.000093
23.37	-0.000091
23.45	-0.000088
23.53	-0.000083
23.61	-0.000084
23.69	-0.000079
23.77	-0.000081
23.85	-0.000097
23.93	-0.000096
24.01	-0.000090
24.09	-0.000091
24.17	-0.000093
24.25	-0.000088
24.33	-0.000088
24.41	-0.000099
24.49	-0.000087
24.57	-0.000084
24.65	-0.000091
24.73	-0.000085
24.81	-0.000092
24.89	-0.000089
24.97	-0.000095
25.05	-0.000088
25.13	-0.000090
25.22	-0.000094
25.29	-0.000092
25.37	-0.000100
25.46	-0.000086
25.53	-0.000081
25.61	-0.000088
25.70	-0.000086
25.77	-0.000087
25.85	-0.000090
25.94	-0.000080
26.01	-0.000076
26.10	-0.000075
26.17	-0.000077
26.26	-0.000080
26.33	-0.000093
26.42	-0.000094
26.49	-0.000078
26.58	-0.000089
26.66	-0.000091
26.73	-0.000094
26.82	-0.000077
26.89	-0.000077
26.98	-0.000082
27.05	-0.000083
27.14	-0.000083
27.21	-0.000074
27.29	-0.000077
27.37	-0.000087
27.45	-0.000078
27.53	-0.000074
27.61	-0.000073
27.69	-0.000087
27.77	-0.000083
27.85	-0.000082
27.93	-0.000092
28.01	-0.000091
28.09	-0.000082
28.17	-0.000078
28.25	-0.000077
28.34	-0.000072
28.41	-0.000083
28.49	-0.000083
28.57	-0.000079
28.65	-0.000072
28.73	-0.000069
28.81	-0.000074
28.89	-0.000071
28.97	-0.000084
29.05	-0.000085
29.13	-0.000082
29.21	-0.000077
29.29	-0.000080
29.37	-0.000085
29.45	-0.000077
29.53	-0.000088
29.61	-0.000088
29.69	-0.000092
29.78	-0.000077
29.85	-0.000087
29.93	-0.000082
30.02	-0.000077
30.09	-0.000080
30.17	-0.000084
30.26	-0.000088
30.33	-0.000083
30.41	-0.000084
30.50	-0.000080
30.57	-0.000077
30.65	-0.000079
30.74	-0.000076
30.82	-0.000074
30.89	-0.000077
30.98	-0.000077
31.05	-0.000084
31.13	-0.000087
31.24	-0.000082
31.29	-0.000083
31.37	-0.000077
31.46	-0.000080
31.54	-0.000078
31.62	-0.000082
31.70	-0.000087
31.77	-0.000085
31.86	-0.000080
31.93	-0.000069
32.02	-0.000078
32.09	-0.000077
32.17	-0.000082
32.26	-0.000079
32.33	-0.000090
32.41	-0.000084
32.49	-0.000071
32.57	-0.000071
32.66	-0.000073
32.73	-0.000073
32.81	-0.000081
32.89	-0.000067
32.97	-0.000062
33.05	-0.000063
33.13	-0.000069
33.21	-0.000082
33.29	-0.000071
33.37	-0.000070
33.45	-0.000077
33.53	-0.000073
33.61	-0.000076
33.69	-0.000076
33.77	-0.000079
33.85	-0.000075
33.93	-0.000073
34.01	-0.000074
34.09	-0.000068
34.17	-0.000070
34.25	-0.000068
34.34	-0.000072
34.41	-0.000078
34.49	-0.000097
34.58	-0.000097
34.66	-0.000098
34.73	-0.000096
34.81	-0.000103
34.90	-0.000103
34.98	-0.000103
35.05	-0.000108
35.14	-0.000100
35.22	-0.000096
35.30	-0.000091
35.37	-0.000093
35.45	-0.000093
35.54	-0.000093
35.61	-0.000085
35.69	-0.000088
35.77	-0.000082
35.85	-0.000087
35.94	-0.000089
36.01	-0.000098
36.09	-0.000100
36.17	-0.000090
36.25	-0.000087
36.33	-0.000091
36.42	-0.000085
36.49	-0.000085
36.57	-0.000094
36.65	-0.000086
36.73	-0.000086
36.81	-0.000089
36.89	-0.000087
36.97	-0.000093
37.05	-0.000090
37.13	-0.000083
37.21	-0.000090
37.28	-0.000076
37.38	-0.000075
37.45	-0.000065
37.52	-0.000075
37.61	-0.000077
37.68	-0.000084
37.77	-0.000088
37.84	-0.000085
37.92	-0.000085
38.01	-0.000077
38.08	-0.000083
38.16	-0.000082
38.25	-0.000088
38.33	-0.000083
38.40	-0.000088
38.49	-0.000089
38.56	-0.000080
38.65	-0.000080
38.73	-0.000092
38.80	-0.000092
38.89	-0.000086
38.97	-0.000089
39.05	-0.000091
39.13	-0.000099
39.21	-0.000091
39.29	-0.000098
39.37	-0.000089
39.45	-0.000100
39.53	-0.000094
39.61	-0.000099
39.69	-0.000095
39.77	-0.000094
39.85	-0.000089
39.93	-0.000083
40.01	-0.000090
40.09	-0.000096
40.17	-0.000089
40.25	-0.000088
40.33	-0.000087
40.41	-0.000089
40.49	-0.000094
40.57	-0.000097
40.65	-0.000094
40.73	-0.000093
40.81	-0.000093
40.89	-0.000098
40.97	-0.000089
41.05	-0.000087
41.13	-0.000078
41.21	-0.000082
41.29	-0.000100
41.37	-0.000087
41.45	-0.000082
41.52	-0.000085
41.61	-0.000093
41.69	-0.000088
41.76	-0.000092
41.85	-0.000093
41.92	-0.000100
42.00	-0.000094
42.08	-0.000092
42.17	-0.000088
42.24	-0.000089
42.33	-0.000094
42.41	-0.000085
42.49	-0.000088
42.57	-0.000089
42.65	-0.000094
42.73	-0.000093
42.80	-0.000098
42.89	-0.000100
42.97	-0.000094
43.04	-0.000088
43.12	-0.000085
43.20	-0.000089
43.28	-0.000096
43.37	-0.000104
43.45	-0.000089
43.52	-0.000092
43.61	-0.000090
43.69	-0.000089
43.76	-0.000087
43.85	-0.000089
43.92	-0.000083
44.01	-0.000088
44.08	-0.000089
44.17	-0.000095
44.24	-0.000090
44.32	-0.000095
44.41	-0.000096
44.48	-0.000095
44.57	-0.000097
44.64	-0.000093
44.73	-0.000097
44.81	-0.000097
44.89	-0.000097
44.97	-0.000091
45.05	-0.000079
45.13	-0.000090
45.21	-0.000084
45.29	-0.000089
45.37	-0.000085
45.45	-0.000093
45.52	-0.000085
45.61	-0.000090
45.69	-0.000101
45.77	-0.000102
45.85	-0.000100
45.92	-0.000097
46.01	-0.000084
46.09	-0.000094
46.17	-0.000095
46.24	-0.000101
46.33	-0.000093
46.41	-0.000092
46.49	-0.000088
46.56	-0.000107
46.65	-0.000093
46.73	-0.000101
46.80	-0.000104
46.89	-0.000094
46.96	-0.000100
47.04	-0.000093
47.13	-0.000108
47.20	-0.000094
47.29	-0.000093
47.36	-0.000089
47.45	-0.000089
47.52	-0.000101
47.60	-0.000089
47.68	-0.000086
47.76	-0.000088
47.84	-0.000082
47.92	-0.000082
48.00	-0.000089
48.09	-0.000087
48.16	-0.000080
48.24	-0.000080
48.32	-0.000085
48.40	-0.000077
48.48	-0.000091
48.57	-0.000089
48.65	-0.000091
48.73	-0.000080
48.81	-0.000082
48.89	-0.000095
48.97	-0.000088
49.05	-0.000090
49.13	-0.000096
49.21	-0.000095
49.29	-0.000086
49.36	-0.000098
49.45	-0.000109
49.53	-0.000107
49.61	-0.000089
49.69	-0.000091
49.77	-0.000088
49.85	-0.000094
49.93	-0.000088
50.01	-0.000092
50.09	-0.000094
50.17	-0.000090
50.25	-0.000089
50.33	-0.000085
50.41	-0.000086
50.49	-0.000092
50.57	-0.000098
50.65	-0.000095
50.73	-0.000093
50.81	-0.000086
50.89	-0.000084
50.97	-0.000090
51.05	-0.000082
51.13	-0.000084
51.21	-0.000089
51.29	-0.000094
51.37	-0.000095
51.45	-0.000098
51.53	-0.000092
51.61	-0.000093
51.69	-0.000085
51.77	-0.000085
51.85	-0.000096
51.93	-0.000096
52.01	-0.000092
52.09	-0.000098
52.17	-0.000102
52.25	-0.000103
52.33	-0.000095
52.41	-0.000097
52.48	-0.000090
52.57	-0.000093
52.65	-0.000091
52.73	-0.000087
52.80	-0.000096
52.89	-0.000092
52.99	-0.000081
53.04	-0.000076
53.13	-0.000086
53.20	-0.000097
53.28	-0.000096
53.37	-0.000096
53.44	-0.000093
53.52	-0.000088
53.60	-0.000093
53.69	-0.000099
53.77	-0.000094
53.87	-0.000088
53.93	-0.000089
54.01	-0.000102
54.09	-0.000096
54.17	-0.000096
54.25	-0.000090
54.33	-0.000087
54.41	-0.000092
54.49	-0.000096
54.57	-0.000093
54.65	-0.000091
54.73	-0.000090
54.81	-0.000093
54.89	-0.000095
54.97	-0.000090
55.05	-0.000095
55.13	-0.000090
55.21	-0.000096
55.29	-0.000094
55.37	-0.000099
55.45	-0.000098
55.53	-0.000097
55.61	-0.000091
55.69	-0.000092
55.77	-0.000089
55.85	-0.000089
55.93	-0.000094
56.01	-0.000093
56.09	-0.000101
56.17	-0.000095
56.25	-0.000090
56.33	-0.000091
56.41	-0.000092
56.49	-0.000093
56.57	-0.000084
56.65	-0.000091
56.73	-0.000092
56.81	-0.000098
56.89	-0.000097
56.97	-0.000093
57.05	-0.000092
57.13	-0.000095
57.21	-0.000081
57.29	-0.000088
57.37	-0.000088
57.45	-0.000103
57.53	-0.000090
57.60	-0.000096
57.69	-0.000096
57.77	-0.000090
57.85	-0.000084
57.92	-0.000091
58.01	-0.000090
58.08	-0.000091
58.16	-0.000078
58.25	-0.000089
58.32	-0.000087
58.41	-0.000085
58.48	-0.000095
58.56	-0.000089
58.65	-0.000082
58.73	-0.000083
58.80	-0.000086
58.89	-0.000092
58.97	-0.000086
59.05	-0.000082
59.13	-0.000085
59.20	-0.000093
59.29	-0.000094
59.37	-0.000100
59.45	-0.000090
59.53	-0.000088
59.61	-0.000082
59.69	-0.000088
59.77	-0.000095
59.85	-0.000095
59.94	-0.000097
60.01	-0.000100
60.09	-0.000093
60.17	-0.000094
60.25	-0.000096
60.33	-0.000096
60.41	-0.000101
60.49	-0.000103
60.57	-0.000108
60.65	-0.000109
60.73	-0.000105
60.81	-0.000092
60.89	-0.000097
60.97	-0.000097
61.05	-0.000103
61.13	-0.000097
61.20	-0.000095
61.28	-0.000096
61.37	-0.000104
61.44	-0.000101
61.52	-0.000105
61.61	-0.000107
61.68	-0.000108
61.76	-0.000102
61.85	-0.000092
61.92	-0.000086
62.01	-0.000092
62.08	-0.000093
62.17	-0.000093
62.24	-0.000100
62.32	-0.000094
62.41	-0.000086
62.48	-0.000079
62.56	-0.000075
62.65	-0.000083
62.73	-0.000085
62.80	-0.000091
62.88	-0.000093
62.96	-0.000090
63.05	-0.000102
63.12	-0.000106
63.20	-0.000101
63.28	-0.000100
63.36	-0.000098
63.44	-0.000097
63.52	-0.000093
63.60	-0.000099
63.69	-0.000092
63.76	-0.000091
63.84	-0.000085
63.92	-0.000083
64.00	-0.000090
64.08	-0.000086
64.17	-0.000089
64.24	-0.000100
64.33	-0.000092
64.40	-0.000089
64.49	-0.000086
64.57	-0.000088
64.64	-0.000091
64.73	-0.000087
64.81	-0.000084
64.88	-0.000079
64.97	-0.000084
65.04	-0.000080
65.13	-0.000083
65.21	-0.000080
65.29	-0.000082
65.37	-0.000086
65.44	-0.000083
65.53	-0.000088
65.60	-0.000095
65.69	-0.000093
65.76	-0.000096
65.85	-0.000092
65.92	-0.000096
66.00	-0.000089
66.09	-0.000092
66.16	-0.000083
66.25	-0.000094
66.32	-0.000086
66.41	-0.000086
66.48	-0.000091
66.56	-0.000087
66.64	-0.000092
66.72	-0.000105
66.80	-0.000098
66.88	-0.000085
66.96	-0.000081
67.04	-0.000079
67.12	-0.000076
67.20	-0.000077
67.28	-0.000082
67.36	-0.000081
67.44	-0.000081
67.52	-0.000074
67.60	-0.000086
67.68	-0.000080
67.77	-0.000079
67.84	-0.000077
67.92	-0.000084
68.00	-0.000094
68.08	-0.000080
68.16	-0.000079
68.24	-0.000079
68.32	-0.000074
68.40	-0.000081
68.48	-0.000078
68.56	-0.000081
68.64	-0.000081
68.72	-0.000091
68.80	-0.000088
68.88	-0.000086
68.97	-0.000085
69.04	-0.000083
69.12	-0.000077
69.20	-0.000081
69.28	-0.000089
69.37	-0.000081
69.44	-0.000095
69.52	-0.000088
69.60	-0.000084
69.68	-0.000086
69.76	-0.000099
69.84	-0.000083
69.92	-0.000090
70.00	-0.000080
70.09	-0.000084
70.16	-0.000091
70.25	-0.000092
70.33	-0.000090
70.40	-0.000089
70.48	-0.000081
70.56	-0.000087
70.64	-0.000090
70.72	-0.000102
70.80	-0.000095
70.88	-0.000091
70.97	-0.000097
71.04	-0.000095
71.12	-0.000098
71.20	-0.000096
71.28	-0.000083
71.36	-0.000086
71.44	-0.000091
71.52	-0.000095
71.60	-0.000086
71.68	-0.000083
71.76	-0.000078
71.84	-0.000084
71.92	-0.000086
72.00	-0.000083
72.09	-0.000081
72.16	-0.000078
72.24	-0.000083
72.32	-0.000085
72.40	-0.000083
72.48	-0.000087
72.56	-0.000082
72.64	-0.000088
72.72	-0.000088
72.80	-0.000082
72.88	-0.000080
72.97	-0.000083
73.04	-0.000077
73.13	-0.000066
73.21	-0.000073
73.28	-0.000074
73.37	-0.000081
73.44	-0.000084
73.53	-0.000083
73.61	-0.000080
73.68	-0.000086
73.77	-0.000086
73.85	-0.000084
73.92	-0.000075
74.01	-0.000086
74.09	-0.000077
74.16	-0.000087
74.25	-0.000082
74.32	-0.000082
74.41	-0.000075
74.49	-0.000070
74.56	-0.000072
74.65	-0.000082
74.72	-0.000082
74.81	-0.000078
74.89	-0.000084
74.97	-0.000095
75.05	-0.000095
75.13	-0.000089
75.21	-0.000090
75.29	-0.000086
75.36	-0.000096
75.44	-0.000097
75.53	-0.000086
75.61	-0.000082
75.69	-0.000086
75.76	-0.000090
75.85	-0.000099
75.92	-0.000106
76.01	-0.000086
76.08	-0.000091
76.17	-0.000096
76.24	-0.000100
76.33	-0.000092
76.41	-0.000091
76.49	-0.000096
76.56	-0.000102
76.64	-0.000093
76.73	-0.000093
76.81	-0.000089
76.88	-0.000091
76.97	-0.000099
77.04	-0.000096
77.13	-0.000098
77.20	-0.000094
77.28	-0.000094
77.37	-0.000088
77.44	-0.000092
77.53	-0.000082
77.61	-0.000074
77.68	-0.000076
77.76	-0.000083
77.85	-0.000091
77.92	-0.000092
78.01	-0.000094
78.08	-0.000096
78.16	-0.000097
78.25	-0.000095
78.32	-0.000091
78.41	-0.000085
78.48	-0.000088
78.57	-0.000098
78.65	-0.000099
78.72	-0.000096
78.81	-0.000085
78.89	-0.000090
78.97	-0.000081
79.05	-0.000088
79.13	-0.000095
79.21	-0.000092
79.29	-0.000087
79.37	-0.000083
79.45	-0.000089
79.53	-0.000090
79.61	-0.000092
79.69	-0.000090
79.77	-0.000088
79.85	-0.000086
79.93	-0.000090
80.01	-0.000090
80.09	-0.000081
80.18	-0.000084
80.25	-0.000088
80.33	-0.000085
80.41	-0.000080
80.49	-0.000085
80.57	-0.000083
80.65	-0.000082
80.73	-0.000079
80.81	-0.000085
80.89	-0.000083
80.97	-0.000079
81.05	-0.000082
81.13	-0.000082
81.20	-0.000081
81.29	-0.000082
81.37	-0.000082
81.45	-0.000082
81.52	-0.000084
81.61	-0.000078
81.69	-0.000080
81.76	-0.000085
81.85	-0.000077
81.93	-0.000086
82.00	-0.000083
82.09	-0.000086
82.16	-0.000080
82.25	-0.000093
82.32	-0.000085
82.40	-0.000086
82.49	-0.000080
82.56	-0.000078
82.65	-0.000081
82.72	-0.000080
82.81	-0.000078
82.89	-0.000076
82.96	-0.000079
83.05	-0.000078
83.13	-0.000076
83.21	-0.000086
83.29	-0.000075
83.36	-0.000078
83.45	-0.000071
83.53	-0.000070
83.61	-0.000080
83.69	-0.000080
83.77	-0.000084
83.85	-0.000088
83.93	-0.000092
84.01	-0.000086
84.09	-0.000089
84.17	-0.000084
84.25	-0.000076
84.33	-0.000083
84.41	-0.000077
84.49	-0.000071
84.57	-0.000084
84.65	-0.000072
84.74	-0.000078
84.81	-0.000092
84.89	-0.000092
84.97	-0.000084
85.05	-0.000084
85.13	-0.000088
85.21	-0.000078
85.30	-0.000082
85.37	-0.000084
85.46	-0.000081
85.53	-0.000074
85.61	-0.000079
85.70	-0.000073
85.77	-0.000075
85.86	-0.000074
85.93	-0.000072
86.02	-0.000074
86.09	-0.000075
86.17	-0.000077
86.25	-0.000076
86.33	-0.000080
86.41	-0.000086
86.49	-0.000089
86.57	-0.000080
86.65	-0.000075
86.73	-0.000075
86.81	-0.000077
86.88	-0.000074
86.97	-0.000083
87.05	-0.000081
87.13	-0.000083
87.21	-0.000079
87.29	-0.000079
87.37	-0.000076
87.45	-0.000077
87.53	-0.000079
87.61	-0.000078
87.69	-0.000080
87.77	-0.000084
87.85	-0.000077
87.93	-0.000067
88.01	-0.000075
88.09	-0.000082
88.17	-0.000073
88.25	-0.000072
88.33	-0.000075
88.41	-0.000078
88.50	-0.000077
88.58	-0.000076
88.65	-0.000073
88.74	-0.000071
88.81	-0.000080
88.89	-0.000092
88.98	-0.000088
89.05	-0.000081
89.14	-0.000086
89.21	-0.000093
89.30	-0.000093
89.37	-0.000086
89.46	-0.000090
89.53	-0.000085
89.62	-0.000090
89.69	-0.000075
89.78	-0.000089
89.85	-0.000091
89.93	-0.000090
90.02	-0.000092
90.09	-0.000085
90.17	-0.000085
90.26	-0.000088
90.34	-0.000086
90.42	-0.000081
90.49	-0.000078
90.58	-0.000079
90.66	-0.000073
90.73	-0.000071
90.82	-0.000078
90.89	-0.000083
90.98	-0.000080
91.05	-0.000088
91.14	-0.000087
91.21	-0.000087
91.30	-0.000094
91.37	-0.000078
91.45	-0.000083
91.53	-0.000086
91.61	-0.000089
91.69	-0.000085
91.77	-0.000085
91.85	-0.000081
91.93	-0.000082
92.01	-0.000083
92.09	-0.000089
92.17	-0.000096
92.25	-0.000093
92.33	-0.000078
92.41	-0.000075
92.49	-0.000077
92.57	-0.000082
92.65	-0.000083
92.73	-0.000082
92.81	-0.000080
92.89	-0.000077
92.97	-0.000071
93.05	-0.000078
93.14	-0.000084
93.21	-0.000080
93.30	-0.000086
93.37	-0.000073
93.45	-0.000079
93.54	-0.000080
93.61	-0.000090
93.70	-0.000089
93.77	-0.000086
93.86	-0.000076
93.93	-0.000076
94.01	-0.000082
94.10	-0.000083
94.17	-0.000079
94.25	-0.000080
94.34	-0.000086
94.41	-0.000084
94.49	-0.000074
94.58	-0.000077
94.65	-0.000073
94.73	-0.000074
94.81	-0.000083
94.89	-0.000090
94.97	-0.000089
95.05	-0.000082
95.13	-0.000092
95.21	-0.000078
95.29	-0.000080
95.37	-0.000079
95.45	-0.000079
95.53	-0.000085
95.61	-0.000089
95.69	-0.000078
95.77	-0.000078
95.85	-0.000083
95.94	-0.000087
96.01	-0.000093
96.09	-0.000089
96.17	-0.000088
96.25	-0.000091
96.33	-0.000084
96.41	-0.000083
96.48	-0.000088
96.57	-0.000086
96.64	-0.000086
96.73	-0.000084
96.80	-0.000079
96.89	-0.000073
96.97	-0.000083
97.04	-0.000079
97.13	-0.000071
97.20	-0.000075
97.29	-0.000066
97.36	-0.000072
97.44	-0.000072
97.53	-0.000077
97.60	-0.000084
97.69	-0.000081
97.76	-0.000081
97.85	-0.000077
97.92	-0.000075
98.01	-0.000065
98.08	-0.000076
98.17	-0.000081
98.25	-0.000084
98.33	-0.000076
98.41	-0.000071
98.49	-0.000072
98.57	-0.000080
98.65	-0.000086
98.73	-0.000073
98.81	-0.000073
98.89	-0.000072
98.99	-0.000075
99.05	-0.000078
99.13	-0.000069
99.21	-0.000085
99.29	-0.000076
99.37	-0.000071
99.45	-0.000078
99.53	-0.000073
99.61	-0.000084
99.69	-0.000080
99.77	-0.000082
99.85	-0.000079
99.93	-0.000082
100.01	-0.000089
100.09	-0.000087
100.17	-0.000088
100.25	-0.000087
100.33	-0.000096
100.41	-0.000083
100.49	-0.000079
100.57	-0.000083
100.64	-0.000083
100.72	-0.000079
100.81	-0.000083
100.88	-0.000087
100.97	-0.000072
101.04	-0.000086
101.13	-0.000087
101.21	-0.000090
101.28	-0.000086
101.37	-0.000092
101.44	-0.000096
101.53	-0.000090
101.60	-0.000083
101.69	-0.000087
101.76	-0.000087
101.85	-0.000087
101.92	-0.000088
102.01	-0.000084
102.08	-0.000085
102.17	-0.000087
102.25	-0.000079
102.32	-0.000077
102.38	-0.000076
102.47	-0.000072
102.54	-0.000077
102.60	-0.000084
102.69	-0.000077
102.77	-0.000079
102.84	-0.000075
102.93	-0.000078
103.00	-0.000074
103.08	-0.000080
103.17	-0.000083
103.25	-0.000080
103.32	-0.000085
103.40	-0.000076
103.49	-0.000078
103.57	-0.000079
103.64	-0.000082
103.73	-0.000089
103.80	-0.000087
103.89	-0.000083
103.97	-0.000094
104.05	-0.000084
104.13	-0.000082
104.21	-0.000088
104.29	-0.000086
104.36	-0.000085
104.45	-0.000094
104.53	-0.000099
104.61	-0.000096
104.69	-0.000090
104.77	-0.000098
104.85	-0.000092
104.93	-0.000086
105.01	-0.000090
105.10	-0.000073
105.17	-0.000077
105.25	-0.000081
105.33	-0.000081
105.40	-0.000074
105.48	-0.000080
105.57	-0.000072
105.65	-0.000079
105.73	-0.000078
105.80	-0.000074
105.89	-0.000074
105.96	-0.000090
106.05	-0.000083
106.12	-0.000085
106.21	-0.000074
106.29	-0.000078
106.37	-0.000081
106.44	-0.000069
106.52	-0.000076
106.61	-0.000066
106.68	-0.000070
106.76	-0.000074
106.84	-0.000076
106.92	-0.000075
107.00	-0.000070
107.08	-0.000072
107.16	-0.000063
107.24	-0.000066
107.33	-0.000076
107.40	-0.000068
107.48	-0.000071
107.57	-0.000069
107.64	-0.000075
107.72	-0.000071
107.81	-0.000066
107.88	-0.000067
107.97	-0.000076
108.05	-0.000079
108.12	-0.000081
108.21	-0.000070
108.29	-0.000070
108.36	-0.000081
108.45	-0.000071
108.53	-0.000072
108.60	-0.000074
108.68	-0.000069
108.77	-0.000073
108.84	-0.000071
108.93	-0.000060
109.01	-0.000071
109.09	-0.000067
109.16	-0.000067
109.24	-0.000055
109.33	-0.000062
109.40	-0.000054
109.49	-0.000070
109.56	-0.000059
109.65	-0.000059
109.73	-0.000050
109.80	-0.000067
109.89	-0.000060
109.96	-0.000053
110.04	-0.000041
110.13	-0.000039
110.21	-0.000054
110.28	-0.000055
110.37	-0.000044
110.44	-0.000051
110.53	-0.000046
110.60	-0.000047
110.69	-0.000034
110.77	-0.000037
110.84	-0.000038
110.93	-0.000028
111.01	-0.000026
111.08	-0.000033
111.16	-0.000021
111.25	-0.000029
111.33	-0.000022
111.40	-0.000012
111.47	-0.000016
111.54	-0.000017
111.63	0.000000
111.70	0.000005
111.78	0.000017
111.86	0.000015
111.94	0.000015
112.02	0.000014
112.10	0.000023
112.18	0.000030
112.26	0.000032
112.34	0.000024
112.42	0.000043
112.50	0.000049
112.58	0.000053
112.66	0.000053
112.74	0.000063
112.83	0.000064
112.91	0.000053
112.99	0.000060
113.07	0.000061
113.15	0.000070
113.23	0.000083
113.30	0.000092
113.39	0.000099
113.47	0.000104
113.54	0.000108
113.63	0.000125
113.70	0.000138
113.79	0.000144
113.87	0.000144
113.95	0.000141
114.03	0.000145
114.11	0.000154
114.18	0.000168
114.27	0.000174
114.35	0.000179
114.42	0.000183
114.51	0.000190
114.59	0.000196
114.66	0.000206
114.75	0.000214
114.83	0.000209
114.90	0.000225
114.99	0.000237
115.07	0.000248
115.14	0.000251
115.23	0.000258
115.31	0.000266
115.38	0.000275
115.47	0.000286
115.54	0.000289
115.62	0.000298
115.71	0.000305
115.78	0.000321
115.87	0.000325
115.94	0.000329
116.03	0.000341
116.11	0.000357
116.18	0.000363
116.27	0.000370
116.34	0.000390
116.43	0.000397
116.50	0.000416
116.58	0.000424
116.66	0.000415
116.74	0.000431
116.82	0.000441
116.90	0.000444
116.98	0.000458
117.06	0.000467
117.14	0.000482
117.22	0.000497
117.30	0.000506
117.38	0.000505
117.46	0.000514
117.54	0.000529
117.62	0.000540
117.70	0.000553
117.78	0.000566
117.86	0.000576
117.94	0.000592
118.03	0.000605
118.11	0.000613
118.18	0.000626
118.27	0.000619
118.34	0.000640
118.43	0.000650
118.50	0.000651
118.59	0.000672
118.66	0.000682
118.75	0.000691
118.82	0.000693
118.91	0.000699
118.99	0.000722
119.06	0.000731
119.15	0.000735
119.22	0.000749
119.31	0.000757
119.38	0.000769
119.47	0.000786
119.54	0.000804
119.62	0.000811
119.71	0.000827
119.78	0.000833
119.87	0.000854
119.94	0.000856
120.03	0.000870
120.11	0.000861
120.19	0.000890
120.26	0.000892
120.35	0.000893
120.43	0.000923
120.50	0.000931
120.58	0.000939
120.66	0.000961
120.74	0.000963
120.82	0.000968
120.90	0.000994
120.98	0.001004
121.06	0.001010
121.14	0.001029
121.22	0.001053
121.30	0.001061
121.38	0.001071
121.46	0.001085
121.54	0.001091
121.61	0.001097
121.70	0.001107
121.77	0.001115
121.86	0.001128
121.93	0.001145
122.01	0.001150
122.10	0.001156
122.17	0.001171
122.26	0.001177
122.34	0.001176
122.42	0.001189
122.49	0.001189
122.58	0.001205
122.66	0.001206
122.74	0.001208
122.82	0.001212
122.90	0.001224
122.98	0.001239
123.06	0.001245
123.14	0.001254
123.22	0.001259
123.30	0.001261
123.38	0.001257
123.46	0.001267
123.55	0.001269
123.62	0.001270
123.70	0.001270
123.79	0.001276
123.86	0.001276
123.95	0.001281
124.02	0.001274
124.10	0.001277
124.18	0.001288
124.27	0.001288
124.34	0.001290
124.42	0.001299
124.51	0.001287
124.58	0.001299
124.66	0.001302
124.75	0.001306
124.82	0.001294
124.91	0.001303
124.98	0.001304
125.07	0.001298
125.14	0.001302
125.23	0.001307
125.30	0.001306
125.38	0.001308
125.47	0.001316
125.55	0.001326
125.62	0.001329
125.71	0.001320
125.78	0.001321
125.86	0.001342
125.94	0.001351
126.03	0.001361
126.10	0.001368
126.18	0.001369
126.26	0.001382
126.34	0.001396
126.42	0.001403
126.50	0.001414
126.58	0.001415
126.66	0.001433
126.75	0.001434
126.83	0.001445
126.90	0.001453
126.99	0.001459
127.06	0.001473
127.14	0.001479
127.23	0.001498
127.30	0.001513
127.38	0.001513
127.47	0.001514
127.54	0.001534
127.62	0.001556
127.70	0.001565
127.79	0.001576
127.86	0.001583
127.94	0.001600
128.03	0.001599
128.10	0.001616
128.19	0.001616
128.26	0.001633
128.35	0.001643
128.43	0.001651
128.51	0.001663
128.59	0.001677
128.67	0.001686
128.75	0.001699
128.83	0.001705
128.91	0.001713
128.99	0.001712
129.07	0.001721
129.16	0.001723
129.23	0.001739
129.31	0.001738
129.39	0.001740
129.47	0.001743
129.55	0.001752
129.63	0.001760
129.71	0.001768
129.79	0.001774
129.87	0.001776
129.94	0.001777
130.03	0.001780
130.11	0.001782
130.18	0.001787
130.27	0.001785
130.34	0.001785
130.42	0.001793
130.50	0.001796
130.59	0.001801
130.67	0.001796
130.74	0.001801
130.83	0.001805
130.91	0.001809
130.98	0.001801
131.07	0.001808
131.15	0.001814
131.23	0.001814
131.30	0.001817
131.39	0.001817
131.46	0.001823
131.55	0.001824
131.62	0.001817
131.71	0.001818
131.78	0.001809
131.86	0.001817
131.95	0.001809
132.02	0.001818
132.11	0.001813
132.19	0.001811
132.26	0.001813
132.35	0.001817
132.43	0.001817
132.51	0.001814
132.59	0.001817
132.67	0.001801
132.75	0.001817
132.83	0.001821
132.91	0.001820
132.99	0.001814
133.07	0.001809
133.15	0.001811
133.23	0.001805
133.31	0.001816
133.39	0.001821
133.47	0.001815
133.55	0.001818
133.63	0.001827
133.71	0.001815
133.79	0.001818
133.87	0.001813
133.95	0.001811
134.03	0.001810
134.11	0.001798
134.19	0.001797
134.27	0.001809
134.35	0.001806
134.43	0.001797
134.51	0.001801
134.59	0.001795
134.67	0.001796
134.75	0.001806
134.83	0.001796
134.91	0.001801
134.99	0.001798
135.07	0.001792
135.15	0.001792
135.22	0.001782
135.32	0.001779
135.39	0.001777
135.47	0.001778
135.55	0.001776
135.62	0.001768
135.71	0.001763
135.78	0.001766
135.87	0.001765
135.95	0.001764
136.02	0.001772
136.11	0.001772
136.18	0.001771
136.27	0.001758
136.34	0.001760
136.42	0.001767
136.51	0.001756
136.58	0.001757
136.66	0.001762
136.75	0.001764
136.82	0.001761
136.91	0.001756
136.98	0.001749
137.07	0.001738
137.15	0.001745
137.23	0.001745
137.31	0.001738
137.38	0.001745
137.47	0.001736
137.55	0.001731
137.63	0.001734
137.71	0.001731
137.79	0.001734
137.87	0.001736
137.95	0.001737
138.03	0.001735
138.11	0.001729
138.19	0.001728
138.27	0.001726
138.35	0.001718
138.43	0.001719
138.51	0.001715
138.59	0.001709
138.67	0.001711
138.75	0.001720
138.83	0.001712
138.91	0.001710
138.99	0.001707
139.07	0.001716
139.15	0.001700
139.23	0.001706
139.31	0.001711
139.39	0.001701
139.47	0.001692
139.55	0.001696
139.63	0.001698
139.71	0.001697
139.79	0.001695
139.87	0.001692
139.95	0.001685
140.03	0.001680
140.10	0.001675
140.19	0.001672
140.26	0.001673
140.35	0.001685
140.43	0.001686
140.51	0.001669
140.58	0.001671
140.67	0.001660
140.74	0.001664
140.83	0.001660
140.91	0.001661
140.98	0.001656
141.07	0.001655
141.14	0.001655
141.23	0.001655
141.30	0.001658
141.39	0.001655
141.46	0.001648
141.55	0.001644
141.62	0.001639
141.70	0.001644
141.78	0.001639
141.87	0.001648
141.94	0.001638
142.03	0.001636
142.11	0.001620
142.19	0.001621
142.27	0.001621
142.35	0.001629
142.43	0.001627
142.51	0.001624
142.59	0.001632
142.67	0.001627
142.75	0.001632
142.83	0.001634
142.91	0.001642
142.99	0.001629
143.07	0.001626
143.15	0.001619
143.23	0.001613
143.31	0.001616
143.39	0.001609
143.47	0.001619
143.55	0.001616
143.63	0.001617
143.71	0.001615
143.79	0.001609
143.87	0.001614
143.95	0.001608
144.03	0.001606
144.11	0.001592
144.19	0.001589
144.27	0.001599
144.35	0.001599
144.43	0.001584
144.51	0.001590
144.59	0.001593
144.67	0.001593
144.75	0.001587
144.83	0.001580
144.91	0.001579
144.99	0.001575
145.07	0.001574
145.15	0.001572
145.23	0.001586
145.31	0.001575
145.38	0.001571
145.47	0.001568
145.54	0.001558
145.63	0.001556
145.71	0.001555
145.79	0.001558
145.86	0.001551
145.94	0.001559
146.03	0.001570
146.10	0.001549
146.19	0.001551
146.27	0.001531
146.35	0.001539
146.42	0.001544
146.51	0.001545
146.58	0.001535
146.67	0.001543
146.75	0.001527
146.82	0.001531
146.91	0.001537
146.99	0.001537
147.07	0.001529
147.15	0.001528
147.23	0.001519
147.31	0.001495
147.39	0.001504
147.47	0.001511
147.55	0.001519
147.63	0.001513
147.71	0.001515
147.79	0.001513
147.87	0.001517
147.95	0.001507
148.03	0.001509
148.11	0.001498
148.19	0.001498
148.27	0.001495
148.35	0.001500
148.43	0.001496
148.51	0.001501
148.60	0.001484
148.67	0.001482
148.75	0.001490
148.83	0.001485
148.91	0.001479
148.99	0.001479
149.07	0.001476
149.15	0.001464
149.23	0.001467
149.31	0.001466
149.39	0.001461
149.47	0.001465
149.55	0.001466
149.63	0.001457
149.71	0.001454
149.79	0.001448
149.87	0.001437
149.95	0.001447
150.03	0.001445
150.10	0.001452
150.19	0.001450
150.26	0.001432
150.35	0.001437
150.42	0.001451
150.50	0.001437
150.59	0.001444
150.66	0.001438
150.75	0.001443
150.83	0.001433
150.90	0.001440
150.99	0.001428
151.06	0.001421
151.15	0.001423
151.23	0.001415
151.31	0.001420
151.38	0.001409
151.47	0.001417
151.54	0.001412
151.63	0.001410
151.70	0.001413
151.79	0.001406
151.86	0.001408
151.95	0.001410
152.03	0.001407
152.10	0.001405
152.19	0.001402
152.27	0.001391
152.35	0.001392
152.43	0.001391
152.51	0.001400
152.59	0.001394
152.67	0.001389
152.75	0.001378
152.83	0.001368
152.91	0.001383
152.99	0.001387
153.07	0.001380
153.15	0.001390
153.23	0.001384
153.31	0.001380
153.39	0.001372
153.47	0.001376
153.55	0.001362
153.63	0.001363
153.71	0.001367
153.79	0.001366
153.87	0.001358
153.95	0.001359
154.03	0.001357
154.10	0.001354
154.19	0.001352
154.27	0.001342
154.34	0.001351
154.42	0.001349
154.50	0.001347
154.59	0.001349
154.66	0.001349
154.74	0.001344
154.83	0.001340
154.90	0.001342
154.98	0.001342
155.07	0.001330
155.14	0.001328
155.22	0.001336
155.31	0.001321
155.38	0.001319
155.46	0.001317
155.54	0.001318
155.62	0.001323
155.70	0.001326
155.78	0.001306
155.86	0.001306
155.94	0.001304
156.02	0.001309
156.10	0.001302
156.18	0.001302
156.26	0.001306
156.34	0.001284
156.42	0.001287
156.50	0.001294
156.58	0.001294
156.66	0.001303
156.74	0.001303
156.82	0.001292
156.90	0.001282
156.98	0.001280
157.06	0.001287
157.15	0.001278
157.22	0.001281
157.30	0.001282
157.39	0.001277
157.47	0.001267
157.54	0.001282
157.63	0.001283
157.70	0.001278
157.78	0.001270
157.87	0.001265
157.94	0.001254
158.02	0.001252
158.10	0.001265
158.19	0.001264
158.26	0.001269
158.35	0.001264
158.43	0.001262
158.51	0.001260
158.58	0.001255
158.67	0.001246
158.74	0.001243
158.82	0.001249
158.91	0.001254
158.99	0.001242
159.06	0.001236
159.14	0.001234
159.23	0.001226
159.31	0.001234
159.38	0.001233
159.47	0.001229
159.54	0.001226
159.62	0.001222
159.70	0.001229
159.81	0.001221
159.86	0.001222
159.94	0.001224
160.02	0.001217
160.10	0.001211
160.18	0.001213
160.26	0.001214
160.34	0.001201
160.42	0.001199
160.50	0.001196
160.59	0.001193
160.66	0.001199
160.75	0.001194
160.82	0.001199
160.91	0.001199
160.98	0.001181
161.07	0.001192
161.14	0.001198
161.22	0.001205
161.30	0.001193
161.38	0.001190
161.47	0.001188
161.54	0.001180
161.63	0.001180
161.71	0.001181
161.78	0.001185
161.87	0.001192
161.94	0.001182
162.02	0.001174
162.11	0.001176
162.18	0.001185
162.27	0.001187
162.34	0.001182
162.43	0.001172
162.50	0.001163
162.59	0.001165
162.66	0.001165
162.75	0.001167
162.82	0.001170
162.91	0.001158
162.99	0.001154
163.07	0.001151
163.15	0.001149
163.22	0.001152
163.31	0.001160
163.39	0.001158
163.47	0.001142
163.55	0.001152
163.63	0.001154
163.71	0.001145
163.79	0.001145
163.87	0.001150
163.95	0.001144
164.03	0.001137
164.11	0.001148
164.19	0.001148
164.27	0.001128
164.35	0.001117
164.42	0.001120
164.51	0.001137
164.58	0.001136
164.66	0.001123
164.74	0.001130
164.82	0.001126
164.91	0.001122
164.98	0.001121
165.07	0.001116
165.14	0.001117
165.22	0.001125
165.31	0.001112
165.38	0.001114
165.47	0.001117
165.54	0.001112
165.63	0.001107
165.70	0.001121
165.78	0.001112
165.86	0.001117
165.94	0.001118
166.02	0.001109
166.10	0.001107
166.18	0.001112
166.26	0.001109
166.34	0.001105
166.42	0.001104
166.50	0.001095
166.59	0.001090
166.66	0.001101
166.75	0.001106
166.82	0.001110
166.90	0.001102
166.99	0.001109
167.07	0.001110
167.14	0.001097
167.23	0.001094
167.30	0.001098
167.38	0.001098
167.47	0.001097
167.54	0.001079
167.63	0.001077
167.70	0.001085
167.79	0.001084
167.86	0.001079
167.95	0.001087
168.02	0.001092
168.10	0.001083
168.19	0.001079
168.26	0.001079
168.35	0.001079
168.42	0.001082
168.51	0.001074
168.58	0.001059
168.67	0.001056
168.74	0.001062
168.82	0.001059
168.90	0.001056
168.99	0.001055
169.07	0.001054
169.14	0.001059
169.22	0.001047
169.31	0.001060
169.38	0.001058
169.47	0.001057
169.54	0.001058
169.63	0.001049
169.70	0.001054
169.79	0.001052
169.87	0.001035
169.94	0.001054
170.03	0.001054
170.11	0.001055
170.18	0.001057
170.27	0.001050
170.34	0.001057
170.42	0.001060
170.51	0.001056
170.59	0.001054
170.66	0.001062
170.74	0.001053
170.82	0.001047
170.90	0.001040
170.99	0.001044
171.07	0.001042
171.14	0.001053
171.22	0.001041
171.30	0.001042
171.38	0.001042
171.46	0.001037
171.54	0.001035
171.62	0.001041
171.70	0.001042
171.79	0.001028
171.87	0.001025
171.94	0.001022
172.03	0.001035
172.11	0.001031
172.18	0.001028
172.27	0.001025
172.35	0.001031
172.42	0.001031
172.50	0.001030
172.59	0.001022
172.66	0.001016
172.75	0.001014
172.83	0.001024
172.90	0.001021
173.04	0.001021
173.06	0.001023
173.14	0.001038
173.23	0.001034
173.30	0.001031
173.39	0.001030
173.46	0.001033
173.55	0.001026
173.62	0.001027
173.70	0.001019
173.79	0.001016
173.86	0.001019
173.95	0.001015
174.02	0.001014
174.10	0.001009
174.19	0.001011
174.26	0.001012
174.35	0.001010
174.42	0.001013
174.51	0.001013
174.58	0.001024
174.67	0.001025
174.74	0.001032
174.83	0.001026
174.91	0.001023
174.98	0.001011
175.07	0.001014
175.14	0.001018
175.22	0.001024
175.30	0.001038
175.38	0.001037
175.47	0.001028
175.54	0.001024
175.62	0.001028
175.70	0.001026
175.78	0.001032
175.86	0.001034
175.94	0.001036
176.02	0.001037
176.10	0.001035
176.18	0.001033
176.26	0.001032
176.34	0.001036
176.42	0.001029
176.50	0.001046
176.58	0.001048
176.66	0.001045
176.74	0.001048
176.82	0.001058
176.91	0.001046
176.98	0.001046
177.07	0.001048
177.15	0.001044
177.22	0.001051
177.31	0.001052
177.39	0.001057
177.46	0.001061
177.55	0.001071
177.63	0.001061
177.70	0.001053
177.79	0.001046
177.87	0.001052
177.95	0.001054
178.02	0.001056
178.11	0.001065
178.18	0.001056
178.27	0.001068
178.34	0.001067
178.42	0.001071
178.51	0.001074
178.58	0.001081
178.67	0.001068
178.74	0.001081
178.82	0.001073
178.91	0.001072
178.98	0.001084
179.07	0.001071
179.15	0.001070
179.22	0.001071
179.30	0.001066
179.38	0.001059
179.46	0.001072
179.54	0.001073
179.62	0.001069
179.70	0.001076
179.78	0.001082
179.86	0.001083
179.94	0.001091
180.02	0.001088
180.11	0.001085
180.18	0.001081
180.26	0.001093
180.35	0.001097
180.42	0.001098
180.50	0.001091
180.58	0.001099
180.66	0.001106
180.74	0.001106
180.82	0.001104
180.90	0.001102
180.98	0.001109
181.07	0.001105
181.14	0.001109
181.22	0.001106
181.30	0.001114
181.39	0.001119
181.46	0.001121
181.54	0.001123
181.62	0.001134
181.71	0.001141
181.78	0.001132
181.86	0.001134
181.95	0.001135
182.02	0.001133
182.10	0.001132
182.19	0.001128
182.26	0.001139
182.35	0.001148
182.43	0.001153
182.51	0.001151
182.58	0.001147
182.67	0.001149
182.74	0.001135
182.82	0.001137
182.91	0.001143
182.98	0.001145
183.07	0.001142
183.15	0.001148
183.22	0.001152
183.31	0.001154
183.39	0.001149
183.46	0.001160
183.55	0.001149
183.62	0.001149
183.71	0.001164
183.78	0.001162
183.87	0.001158
183.95	0.001159
184.02	0.001155
184.10	0.001173
184.18	0.001169
184.26	0.001170
184.35	0.001172
184.42	0.001174
184.50	0.001172
184.58	0.001176
184.66	0.001176
184.74	0.001177
184.82	0.001178
184.90	0.001184
184.98	0.001191
185.06	0.001202
185.14	0.001189
185.22	0.001198
185.30	0.001189
185.38	0.001193
185.46	0.001195
185.54	0.001189
185.62	0.001184
185.70	0.001183
185.78	0.001195
185.87	0.001195
185.94	0.001193
186.02	0.001192
186.11	0.001203
186.18	0.001205
186.27	0.001209
186.35	0.001204
186.42	0.001212
186.51	0.001209
186.58	0.001201
186.66	0.001198
186.75	0.001211
186.82	0.001226
186.90	0.001229
186.99	0.001217
187.06	0.001219
187.14	0.001222
187.22	0.001216
187.31	0.001224
187.38	0.001228
187.47	0.001222
187.54	0.001224
187.62	0.001230
187.71	0.001220
187.78	0.001220
187.87	0.001233
187.95	0.001225
188.02	0.001221
188.11	0.001223
188.19	0.001228
188.26	0.001220
188.35	0.001223
188.43	0.001224
188.50	0.001238
188.59	0.001236
188.66	0.001231
188.74	0.001230
188.83	0.001232
188.90	0.001237
188.99	0.001232
189.06	0.001230
189.15	0.001234
189.22	0.001227
189.31	0.001218
189.38	0.001224
189.47	0.001229
189.54	0.001236
189.62	0.001242
189.70	0.001231
189.78	0.001240
189.86	0.001243
189.94	0.001252
190.02	0.001255
190.10	0.001244
190.18	0.001247
190.26	0.001246
190.34	0.001247
190.42	0.001242
190.50	0.001251
190.58	0.001249
190.66	0.001259
190.74	0.001263
190.82	0.001266
190.90	0.001267
190.99	0.001254
191.06	0.001259
191.14	0.001268
191.22	0.001264
191.30	0.001264
191.39	0.001267
191.47	0.001274
191.54	0.001267
191.62	0.001274
191.71	0.001269
191.79	0.001269
191.86	0.001264
191.94	0.001273
192.03	0.001270
192.11	0.001273
192.19	0.001283
192.26	0.001276
192.35	0.001276
192.42	0.001267
192.51	0.001270
192.58	0.001274
192.66	0.001266
192.75	0.001259
192.82	0.001260
192.90	0.001270
192.98	0.001271
193.07	0.001272
193.14	0.001279
193.23	0.001266
193.31	0.001268
193.38	0.001259
193.47	0.001260
193.55	0.001262
193.63	0.001268
193.71	0.001263
193.78	0.001255
193.87	0.001264
193.95	0.001268
194.02	0.001267
194.11	0.001267
194.19	0.001258
194.26	0.001261
194.35	0.001257
194.42	0.001266
194.50	0.001259
194.58	0.001261
194.66	0.001256
194.74	0.001260
194.82	0.001268
194.90	0.001269
194.98	0.001275
195.06	0.001282
195.14	0.001284
195.22	0.001275
195.30	0.001266
195.38	0.001269
195.46	0.001263
195.54	0.001265
195.62	0.001270
195.70	0.001263
195.78	0.001264
195.86	0.001270
195.94	0.001262
196.03	0.001263
196.10	0.001271
196.19	0.001269
196.27	0.001276
196.34	0.001277
196.43	0.001261
196.50	0.001263
196.59	0.001275
196.66	0.001272
196.75	0.001273
196.82	0.001264
196.91	0.001260
196.99	0.001247
197.06	0.001258
197.14	0.001262
197.23	0.001269
197.30	0.001265
197.39	0.001260
197.47	0.001260
197.54	0.001257
197.63	0.001248
197.71	0.001251
197.79	0.001250
197.87	0.001251
197.95	0.001247
198.03	0.001231
198.11	0.001238
198.19	0.001241
198.27	0.001230
198.35	0.001236
198.43	0.001242
198.50	0.001239
198.59	0.001239
198.67	0.001239
198.75	0.001236
198.83	0.001238
198.91	0.001248
198.99	0.001239
199.07	0.001237
199.15	0.001242
199.23	0.001241
199.31	0.001233
199.39	0.001246
199.47	0.001232
199.54	0.001231
199.62	0.001230
199.70	0.001231
199.79	0.001232
199.86	0.001223
199.94	0.001231
200.03	0.001232
200.10	0.001231
200.18	0.001233
200.27	0.001229
200.35	0.001226
200.42	0.001230
200.51	0.001228
200.58	0.001234
200.67	0.001229
200.74	0.001232
200.83	0.001230
200.90	0.001239
200.99	0.001233
201.07	0.001231
201.15	0.001226
201.22	0.001229
201.31	0.001223
201.39	0.001217
201.47	0.001233
201.55	0.001230
201.63	0.001228
201.71	0.001233
201.79	0.001236
201.87	0.001222
201.96	0.001221
202.03	0.001224
202.11	0.001228
202.19	0.001216
202.27	0.001208
202.35	0.001202
202.43	0.001202
202.51	0.001201
202.59	0.001198
202.67	0.001195
202.75	0.001186
202.83	0.001205
202.91	0.001202
202.99	0.001202
203.07	0.001201
203.15	0.001194
203.23	0.001191
203.31	0.001191
203.39	0.001192
203.47	0.001192
203.55	0.001197
203.63	0.001198
203.71	0.001194
203.79	0.001197
203.87	0.001177
203.95	0.001175
204.03	0.001172
204.11	0.001178
204.19	0.001185
204.27	0.001174
204.35	0.001173
204.43	0.001179
204.50	0.001175
204.59	0.001180
204.66	0.001170
204.74	0.001172
204.83	0.001182
204.90	0.001176
204.99	0.001172
205.07	0.001178
205.15	0.001173
205.23	0.001181
205.31	0.001170
205.38	0.001187
205.47	0.001181
205.54	0.001178
205.63	0.001169
205.70	0.001163
205.79	0.001167
205.86	0.001173
205.95	0.001161
206.03	0.001157
206.10	0.001154
206.19	0.001167
206.27	0.001165
206.35	0.001165
206.43	0.001158
206.51	0.001161
206.59	0.001154
206.67	0.001151
206.75	0.001162
206.83	0.001155
206.91	0.001170
206.99	0.001171
207.07	0.001164
207.15	0.001163
207.23	0.001166
207.31	0.001153
207.39	0.001142
207.47	0.001143
207.55	0.001148
207.63	0.001141
207.71	0.001141
207.79	0.001148
207.87	0.001147
207.95	0.001143
208.03	0.001151
208.11	0.001147
208.19	0.001143
208.27	0.001137
208.35	0.001141
208.43	0.001133
208.51	0.001133
208.59	0.001130
208.67	0.001129
208.75	0.001115
208.83	0.001123
208.91	0.001128
208.99	0.001130
209.07	0.001135
209.15	0.001126
209.24	0.001117
209.31	0.001116
209.38	0.001120
209.47	0.001115
209.55	0.001108
209.62	0.001109
209.71	0.001108
209.79	0.001102
209.86	0.001112
209.95	0.001121
210.03	0.001114
210.10	0.001120
210.19	0.001122
210.27	0.001114
210.34	0.001120
210.43	0.001119
210.51	0.001113
210.58	0.001118
210.67	0.001126
210.75	0.001110
210.82	0.001112
210.91	0.001108
210.99	0.001116
211.07	0.001112
211.15	0.001113
211.23	0.001104
211.31	0.001097
211.39	0.001106
211.47	0.001101
211.55	0.001104
211.63	0.001101
211.71	0.001101
211.79	0.001107
211.87	0.001105
211.95	0.001100
212.03	0.001091
212.11	0.001092
212.20	0.001103
212.27	0.001102
212.35	0.001097
212.43	0.001089
212.51	0.001081
212.59	0.001082
212.67	0.001075
212.75	0.001081
212.83	0.001074
212.90	0.001085
212.98	0.001082
213.07	0.001068
213.14	0.001062
213.23	0.001065
213.31	0.001069
213.38	0.001065
213.46	0.001060
213.54	0.001073
213.63	0.001066
213.70	0.001061
213.79	0.001070
213.86	0.001062
213.95	0.001065
214.03	0.001068
214.10	0.001066
214.19	0.001060
214.26	0.001065
214.34	0.001057
214.42	0.001063
214.50	0.001066
214.58	0.001066
214.66	0.001060
214.74	0.001052
214.82	0.001050
214.90	0.001056
214.98	0.001055
215.06	0.001057
215.14	0.001051
215.22	0.001054
215.30	0.001056
215.38	0.001049
215.46	0.001045
215.54	0.001046
215.62	0.001043
215.70	0.001046
215.78	0.001044
215.86	0.001042
215.94	0.001041
216.02	0.001041
216.10	0.001035
216.18	0.001040
216.26	0.001019
216.35	0.001026
216.43	0.001030
216.50	0.001027
216.58	0.001027
216.67	0.001025
216.75	0.001024
216.83	0.001026
216.90	0.001022
216.99	0.001029
217.06	0.001025
217.15	0.001020
217.22	0.001019
217.30	0.001020
217.39	0.001012
217.46	0.001016
217.55	0.001012
217.63	0.001012
217.70	0.001016
217.79	0.001015
217.86	0.001010
217.94	0.001010
218.03	0.001003
218.10	0.001006
218.19	0.001005
218.26	0.000995
218.34	0.000989
218.43	0.000989
218.51	0.000990
218.59	0.000993
218.66	0.000996
218.74	0.000987
218.82	0.000992
218.90	0.000980
218.98	0.000985
219.06	0.000982
219.14	0.000983
219.22	0.000974
219.30	0.000978
219.38	0.000982
219.46	0.000988
219.54	0.000985
219.62	0.000974
219.70	0.000980
219.78	0.000990
219.86	0.000985
219.94	0.000980
220.01	0.000989
220.10	0.000985
220.18	0.000980
220.26	0.000974
220.34	0.000982
220.41	0.000981
220.50	0.000983
220.58	0.000969
220.66	0.000968
220.74	0.000973
220.82	0.000982
220.90	0.000976
220.98	0.000986
221.06	0.000973
221.14	0.000979
221.22	0.000979
221.30	0.000973
221.38	0.000972
221.46	0.000972
221.54	0.000979
221.62	0.000963
221.70	0.000966
221.78	0.000965
221.86	0.000969
221.94	0.000968
222.02	0.000968
222.10	0.000957
222.19	0.000960
222.26	0.000960
222.34	0.000951
222.41	0.000944
222.49	0.000946
222.57	0.000948
222.62	0.000946
222.71	0.000945
222.78	0.000950
222.87	0.000949
222.94	0.000947
223.02	0.000928
223.10	0.000936
223.18	0.000945
223.26	0.000940
223.34	0.000938
223.42	0.000937
223.50	0.000928
223.58	0.000933
223.66	0.000932
223.74	0.000938
223.82	0.000923
223.90	0.000930
223.98	0.000925
224.06	0.000926
224.14	0.000919
224.22	0.000916
224.30	0.000922
224.38	0.000920
224.46	0.000923
224.54	0.000925
224.62	0.000926
224.70	0.000922
224.78	0.000922
224.85	0.000920
224.94	0.000919
225.01	0.000922
225.10	0.000923
225.17	0.000911
225.26	0.000914
225.34	0.000915
225.41	0.000919
225.50	0.000916
225.58	0.000919
225.66	0.000914
225.75	0.000916
225.82	0.000909
225.90	0.000914
225.98	0.000911
226.06	0.000913
226.14	0.000922
226.22	0.000917
226.30	0.000912
226.38	0.000918
226.46	0.000916
226.54	0.000921
226.62	0.000912
226.70	0.000911
226.78	0.000918
226.86	0.000913
226.95	0.000913
227.02	0.000909
227.10	0.000899
227.18	0.000893
227.26	0.000898
227.34	0.000890
227.42	0.000889
227.50	0.000894
227.58	0.000894
227.67	0.000881
227.74	0.000885
227.82	0.000886
227.90	0.000887
227.98	0.000889
228.06	0.000883
228.14	0.000874
228.22	0.000868
228.30	0.000873
228.38	0.000871
228.46	0.000867
228.54	0.000875
228.62	0.000880
228.70	0.000875
228.78	0.000879
228.86	0.000878
228.94	0.000878
229.02	0.000883
229.10	0.000871
229.18	0.000868
229.26	0.000874
229.34	0.000874
229.42	0.000874
229.50	0.000871
229.57	0.000884
229.65	0.000873
229.74	0.000876
229.81	0.000880
229.90	0.000870
229.97	0.000866
230.06	0.000858
230.14	0.000865
230.21	0.000861
230.30	0.000866
230.37	0.000858
230.46	0.000857
230.54	0.000859
230.62	0.000849
230.69	0.000859
230.78	0.000854
230.86	0.000855
230.94	0.000856
231.02	0.000859
231.10	0.000869
231.18	0.000855
231.26	0.000856
231.34	0.000868
231.42	0.000872
231.50	0.000865
231.58	0.000866
231.66	0.000875
231.74	0.000868
231.82	0.000858
231.90	0.000854
231.98	0.000843
232.06	0.000844
232.14	0.000832
232.22	0.000837
232.30	0.000839
232.38	0.000833
232.46	0.000847
232.54	0.000858
232.62	0.000853
232.70	0.000842
232.78	0.000837
232.86	0.000845
232.94	0.000841
233.02	0.000841
233.10	0.000834
233.18	0.000833
233.26	0.000820
233.35	0.000837
233.42	0.000830
233.50	0.000818
233.58	0.000818
233.66	0.000810
233.74	0.000819
233.82	0.000827
233.90	0.000822
233.98	0.000823
234.06	0.000839
234.14	0.000824
234.22	0.000816
234.30	0.000814
234.38	0.000812
234.46	0.000806
234.54	0.000818
234.63	0.000826
234.70	0.000821
234.79	0.000815
234.87	0.000825
234.94	0.000827
235.03	0.000818
235.10	0.000819
235.18	0.000813
235.27	0.000804
235.35	0.000795
235.43	0.000803
235.51	0.000808
235.59	0.000814
235.67	0.000818
235.75	0.000807
235.83	0.000809
235.91	0.000801
235.99	0.000797
236.07	0.000801
236.14	0.000802
236.23	0.000809
236.31	0.000811
236.39	0.000807
236.47	0.000802
236.55	0.000805
236.63	0.000810
236.71	0.000805
236.79	0.000798
236.87	0.000794
236.96	0.000790
237.03	0.000791
237.12	0.000787
237.19	0.000782
237.28	0.000778
237.35	0.000783
237.43	0.000792
237.51	0.000791
237.59	0.000784
237.67	0.000786
237.75	0.000782
237.83	0.000783
237.91	0.000782
237.99	0.000779
238.07	0.000772
238.15	0.000770
238.23	0.000771
238.31	0.000775
238.39	0.000774
238.47	0.000772
238.54	0.000775
238.63	0.000766
238.71	0.000761
238.79	0.000773
238.87	0.000776
238.94	0.000772
239.03	0.000766
239.10	0.000765
239.19	0.000770
239.26	0.000760
239.34	0.000762
239.42	0.000754
239.51	0.000752
239.59	0.000764
239.66	0.000767
239.75	0.000773
239.83	0.000774
239.91	0.000770
239.99	0.000770
240.07	0.000761
240.15	0.000765
240.23	0.000767
240.31	0.000768
240.39	0.000763
240.47	0.000770
240.55	0.000769
240.63	0.000775
240.71	0.000758
240.79	0.000770
240.87	0.000773
240.95	0.000768
241.03	0.000771
241.11	0.000773
241.19	0.000770
241.28	0.000764
241.35	0.000764
241.43	0.000771
241.51	0.000757
241.59	0.000757
241.67	0.000771
241.75	0.000771
241.83	0.000763
241.91	0.000761
241.99	0.000755
242.07	0.000750
242.15	0.000749
242.23	0.000745
242.31	0.000748
242.39	0.000750
242.47	0.000746
242.55	0.000758
242.63	0.000750
242.71	0.000752
242.79	0.000751
242.87	0.000753
242.94	0.000751
243.03	0.000741
243.10	0.000746
243.19	0.000747
243.27	0.000749
243.34	0.000755
243.43	0.000744
243.50	0.000740
243.59	0.000739
243.66	0.000735
243.75	0.000731
243.83	0.000736
243.90	0.000731
243.99	0.000731
244.06	0.000725
244.15	0.000730
244.23	0.000721
244.30	0.000725
244.39	0.000730
244.47	0.000718
244.54	0.000728
244.63	0.000739
244.71	0.000742
244.79	0.000734
244.86	0.000729
244.95	0.000732
245.03	0.000732
245.10	0.000734
245.19	0.000741
245.26	0.000740
245.35	0.000738
245.43	0.000736
245.51	0.000741
245.59	0.000725
245.67	0.000728
245.75	0.000735
245.83	0.000736
245.91	0.000737
245.99	0.000739
246.07	0.000740
246.15	0.000737
246.23	0.000736
246.31	0.000743
246.39	0.000733
246.47	0.000725
246.55	0.000738
246.63	0.000745
246.71	0.000752
246.79	0.000731
246.87	0.000731
246.95	0.000727
247.03	0.000729
247.10	0.000722
247.19	0.000717
247.26	0.000720
247.35	0.000720
247.43	0.000724
247.50	0.000720
247.58	0.000719
247.69	0.000722
247.74	0.000724
247.83	0.000718
247.90	0.000715
247.98	0.000713
248.07	0.000723
248.15	0.000706
248.23	0.000709
248.31	0.000723
248.38	0.000709
248.47	0.000709
248.54	0.000700
248.63	0.000702
248.71	0.000714
248.79	0.000711
248.86	0.000719
248.94	0.000710
249.02	0.000713
249.10	0.000715
249.18	0.000711
249.26	0.000710
249.34	0.000707
249.42	0.000701
249.51	0.000698
249.58	0.000711
249.66	0.000709
249.75	0.000714
249.82	0.000712
249.91	0.000713
249.98	0.000708
250.07	0.000716
250.14	0.000721
250.22	0.000718
250.31	0.000721
250.38	0.000711
250.46	0.000713
250.55	0.000721
250.62	0.000713
250.70	0.000719
250.79	0.000712
250.87	0.000718
250.94	0.000712
251.02	0.000713
251.10	0.000712
251.19	0.000710
251.26	0.000717
251.34	0.000711
251.43	0.000715
251.50	0.000715
251.59	0.000720
251.66	0.000715
251.75	0.000710
251.82	0.000710
251.91	0.000703
251.99	0.000700
252.06	0.000708
252.15	0.000704
252.23	0.000696
252.30	0.000697
252.39	0.000708
252.47	0.000696
252.55	0.000685
252.62	0.000693
252.71	0.000690
252.78	0.000695
252.87	0.000694
252.94	0.000688
253.02	0.000689
253.10	0.000697
253.18	0.000694
253.27	0.000690
253.34	0.000685
253.43	0.000688
253.51	0.000688
253.59	0.000683
253.66	0.000677
253.74	0.000680
253.82	0.000687
253.90	0.000697
253.98	0.000702
254.06	0.000694
254.14	0.000695
254.22	0.000695
254.30	0.000703
254.38	0.000695
254.46	0.000692
254.54	0.000683
254.62	0.000690
254.71	0.000687
254.78	0.000688
254.87	0.000690
254.94	0.000696
255.03	0.000699
255.10	0.000701
255.19	0.000693
255.26	0.000688
255.35	0.000699
255.42	0.000695
255.50	0.000697
255.59	0.000695
255.66	0.000703
255.74	0.000709
255.83	0.000701
255.90	0.000699
255.98	0.000694
256.07	0.000697
256.14	0.000708
256.22	0.000705
256.31	0.000704
256.38	0.000706
256.47	0.000699
256.55	0.000688
256.62	0.000694
256.71	0.000692
256.79	0.000700
256.87	0.000695
256.94	0.000693
257.03	0.000694
257.10	0.000687
257.19	0.000678
257.27	0.000691
257.35	0.000693
257.42	0.000689
257.51	0.000689
257.59	0.000676
257.66	0.000682
257.74	0.000680
257.83	0.000685
257.90	0.000681
257.98	0.000681
258.06	0.000675
258.15	0.000677
258.22	0.000676
258.31	0.000672
258.38	0.000667
258.46	0.000675
258.54	0.000680
258.62	0.000680
258.70	0.000675
258.78	0.000683
258.88	0.000686
258.94	0.000688
259.02	0.000692
259.10	0.000694
259.18	0.000688
259.26	0.000685
259.34	0.000689
259.42	0.000695
259.50	0.000682
259.58	0.000677
259.66	0.000675
259.74	0.000680
259.82	0.000688
259.90	0.000683
259.99	0.000698
260.07	0.000694
260.14	0.000693
260.23	0.000692
260.31	0.000689
260.39	0.000694
260.46	0.000702
260.55	0.000703
260.62	0.000699
260.71	0.000688
260.79	0.000691
260.86	0.000695
260.95	0.000699
261.03	0.000703
261.10	0.000699
261.19	0.000692
261.27	0.000687
261.34	0.000694
261.43	0.000692
261.51	0.000691
261.58	0.000698
261.67	0.000691
261.74	0.000681
261.83	0.000689
261.91	0.000686
261.98	0.000690
262.07	0.000693
262.15	0.000685
262.22	0.000699
262.30	0.000688
262.39	0.000686
262.46	0.000690
262.54	0.000693
262.63	0.000685
262.70	0.000685
262.79	0.000676
262.86	0.000678
262.95	0.000674
263.03	0.000678
263.10	0.000671
263.18	0.000671
263.27	0.000679
263.35	0.000677
263.42	0.000673
263.50	0.000669
263.58	0.000670
263.66	0.000672
263.74	0.000681
263.82	0.000693
263.90	0.000683
263.98	0.000676
264.06	0.000682
264.14	0.000685
264.22	0.000680
264.30	0.000688
264.38	0.000681
264.46	0.000679
264.54	0.000691
264.62	0.000694
264.70	0.000691
264.78	0.000694
264.86	0.000692
264.94	0.000689
265.02	0.000694
265.10	0.000685
265.19	0.000691
265.26	0.000687
265.35	0.000695
265.42	0.000700
265.50	0.000691
265.59	0.000697
265.66	0.000683
265.75	0.000690
265.83	0.000682
265.90	0.000686
265.99	0.000686
266.07	0.000686
266.14	0.000686
266.23	0.000691
266.31	0.000701
266.38	0.000705
266.47	0.000702
266.55	0.000696
266.62	0.000688
266.70	0.000675
266.79	0.000678
266.86	0.000674
266.95	0.000678
267.03	0.000685
267.10	0.000685
267.19	0.000680
267.26	0.000680
267.35	0.000694
267.42	0.000679
267.51	0.000688
267.59	0.000677
267.66	0.000683
267.75	0.000675
267.83	0.000674
267.91	0.000673
267.98	0.000678
268.06	0.000676
268.14	0.000677
268.22	0.000671
268.30	0.000677
268.38	0.000684
268.47	0.000680
268.54	0.000691
268.62	0.000678
268.70	0.000683
268.78	0.000691
268.86	0.000687
268.94	0.000686
269.02	0.000687
269.10	0.000687
269.18	0.000683
269.26	0.000689
269.34	0.000691
269.42	0.000692
269.50	0.000693
269.58	0.000686
269.66	0.000693
269.74	0.000684
269.82	0.000692
269.90	0.000700
269.99	0.000694
270.07	0.000682
270.14	0.000693
270.23	0.000682
270.31	0.000691
270.38	0.000697
270.47	0.000704
270.55	0.000705
270.62	0.000704
270.70	0.000699
270.79	0.000707
270.86	0.000708
270.95	0.000709
271.02	0.000708
271.11	0.000700
271.19	0.000692
271.27	0.000694
271.35	0.000700
271.43	0.000708
271.51	0.000708
271.59	0.000715
271.67	0.000713
271.75	0.000697
271.82	0.000695
271.91	0.000699
271.98	0.000706
272.06	0.000692
272.15	0.000688
272.22	0.000697
272.31	0.000696
272.38	0.000691
272.47	0.000698
272.54	0.000691
272.63	0.000686
272.70	0.000701
272.79	0.000694
272.87	0.000685
272.94	0.000691
273.02	0.000690
273.10	0.000687
273.19	0.000693
273.26	0.000705
273.34	0.000714
273.42	0.000714
273.50	0.000710
273.58	0.000708
273.66	0.000712
273.74	0.000713
273.82	0.000706
273.90	0.000706
273.98	0.000718
274.05	0.000711
274.14	0.000711
274.22	0.000717
274.30	0.000713
274.38	0.000717
274.46	0.000722
274.54	0.000729
274.62	0.000723
274.70	0.000719
274.78	0.000721
274.86	0.000723
274.94	0.000722
275.02	0.000713
275.11	0.000721
275.18	0.000722
275.26	0.000721
275.35	0.000719
275.43	0.000723
275.50	0.000718
275.58	0.000723
275.67	0.000727
275.75	0.000733
275.83	0.000722
275.91	0.000724
275.98	0.000728
276.07	0.000731
276.15	0.000731
276.22	0.000740
276.31	0.000737
276.38	0.000738
276.47	0.000736
276.54	0.000728
276.63	0.000738
276.70	0.000734
276.79	0.000731
276.86	0.000728
276.95	0.000722
277.02	0.000728
277.10	0.000725
277.19	0.000725
277.27	0.000727
277.35	0.000732
277.42	0.000726
277.50	0.000722
277.58	0.000726
277.66	0.000729
277.74	0.000738
277.82	0.000727
277.90	0.000725
277.98	0.000731
278.06	0.000726
278.14	0.000726
278.22	0.000716
278.30	0.000712
278.38	0.000718
278.46	0.000725
278.54	0.000726
278.62	0.000722
278.70	0.000727
278.78	0.000719
278.86	0.000724
278.94	0.000730
279.01	0.000728
279.10	0.000724
279.18	0.000729
279.26	0.000731
279.35	0.000741
279.42	0.000743
279.50	0.000745
279.58	0.000748
279.66	0.000744
279.74	0.000746
279.82	0.000748
279.90	0.000752
279.98	0.000748
280.06	0.000751
280.14	0.000750
280.22	0.000750
280.30	0.000756
280.38	0.000756
280.46	0.000755
280.54	0.000752
280.62	0.000746
280.70	0.000754
280.78	0.000761
280.87	0.000767
280.94	0.000767
281.02	0.000772
281.10	0.000771
281.19	0.000762
281.26	0.000772
281.35	0.000761
281.42	0.000767
281.51	0.000766
281.58	0.000767
281.66	0.000767
281.74	0.000779
281.82	0.000775
281.90	0.000770
281.99	0.000764
282.07	0.000760
282.14	0.000753
282.22	0.000759
282.30	0.000768
282.38	0.000768
282.46	0.000773
282.54	0.000768
282.62	0.000776
282.70	0.000765
282.78	0.000759
282.86	0.000760
282.94	0.000768
283.02	0.000770
283.11	0.000780
283.18	0.000769
283.26	0.000773
283.34	0.000774
283.42	0.000780
283.51	0.000770
283.58	0.000770
283.65	0.000771
283.74	0.000764
283.82	0.000771
283.90	0.000778
283.97	0.000770
284.06	0.000775
284.14	0.000773
284.21	0.000774
284.30	0.000777
284.38	0.000783
284.46	0.000784
284.54	0.000789
284.62	0.000782
284.69	0.000780
284.78	0.000775
284.86	0.000772
284.94	0.000783
285.02	0.000783
285.10	0.000793
285.18	0.000786
285.26	0.000789
285.34	0.000787
285.42	0.000777
285.50	0.000783
285.58	0.000790
285.66	0.000800
285.74	0.000802
285.82	0.000798
285.90	0.000809
285.98	0.000811
286.06	0.000821
286.14	0.000821
286.22	0.000820
286.30	0.000809
286.38	0.000811
286.46	0.000814
286.54	0.000817
286.62	0.000810
286.70	0.000801
286.78	0.000816
286.87	0.000810
286.94	0.000816
287.02	0.000809
287.10	0.000817
287.18	0.000819
287.26	0.000807
287.34	0.000806
287.42	0.000809
287.50	0.000810
287.58	0.000822
287.66	0.000820
287.74	0.000815
287.82	0.000822
287.90	0.000823
287.98	0.000823
288.06	0.000823
288.14	0.000821
288.22	0.000818
288.30	0.000817
288.38	0.000809
288.46	0.000809
288.54	0.000813
288.62	0.000816
288.70	0.000821
288.78	0.000821
288.86	0.000821
288.94	0.000826
289.02	0.000817
289.10	0.000823
289.19	0.000827
289.26	0.000831
289.34	0.000827
289.43	0.000827
289.50	0.000832
289.59	0.000838
289.67	0.000841
289.74	0.000841
289.83	0.000840
289.91	0.000841
289.98	0.000851
290.07	0.000849
290.15	0.000849
290.22	0.000862
290.31	0.000867
290.39	0.000864
290.46	0.000868
290.55	0.000873
290.63	0.000868
290.70	0.000876
290.79	0.000873
290.87	0.000878
290.95	0.000884
291.03	0.000884
291.11	0.000887
291.19	0.000882
291.26	0.000883
291.35	0.000885
291.42	0.000885
291.51	0.000874
291.58	0.000870
291.66	0.000869
291.75	0.000872
291.82	0.000873
291.91	0.000877
291.98	0.000881
292.07	0.000879
292.15	0.000884
292.23	0.000880
292.30	0.000874
292.39	0.000873
292.47	0.000879
292.55	0.000879
292.63	0.000880
292.70	0.000884
292.79	0.000887
292.88	0.000883
292.94	0.000891
293.03	0.000893
293.10	0.000897
293.18	0.000896
293.26	0.000905
293.34	0.000899
293.42	0.000899
293.51	0.000898
293.58	0.000902
293.67	0.000900
293.75	0.000909
293.82	0.000903
293.91	0.000904
293.98	0.000918
294.07	0.000923
294.15	0.000919
294.22	0.000912
294.30	0.000923
294.39	0.000926
294.47	0.000924
294.54	0.000925
294.62	0.000923
294.71	0.000930
294.79	0.000933
294.87	0.000952
294.95	0.000953
295.03	0.000954
295.11	0.000949
295.19	0.000950
295.27	0.000949
295.35	0.000945
295.43	0.000963
295.51	0.000962
295.59	0.000963
295.67	0.000966
295.75	0.000974
295.83	0.000969
295.91	0.000974
295.99	0.000986
296.07	0.000979
296.15	0.000979
296.23	0.000991
296.31	0.000985
296.39	0.000981
296.47	0.000979
296.55	0.000970
296.63	0.000965
296.71	0.000973
296.79	0.000977
296.87	0.000974
296.95	0.000979
297.02	0.000981
297.10	0.000986
297.19	0.000979
297.26	0.000980
297.35	0.000990
297.42	0.000992
297.51	0.000989
297.58	0.000992
297.66	0.000991
297.75	0.000992
297.82	0.000995
297.90	0.000994
297.98	0.000993
298.07	0.001006
298.14	0.001005
298.23	0.001007
298.30	0.001011
298.39	0.001024
298.47	0.001025
298.54	0.001018
298.63	0.001016
298.70	0.001017
298.79	0.001016
298.86	0.001020
298.95	0.001026
299.02	0.001040
299.11	0.001048
299.19	0.001065
299.26	0.001053
299.35	0.001048
299.43	0.001052
299.51	0.001067
299.59	0.001057
299.67	0.001056
299.76	0.001055
299.83	0.001071
299.91	0.001072
299.99	0.001077
300.07	0.001086
300.15	0.001084
300.23	0.001086
300.31	0.001093
300.39	0.001085
300.46	0.001099
300.55	0.001101
300.63	0.001110
300.70	0.001110
300.79	0.001115
300.86	0.001123
300.94	0.001133
301.03	0.001128
301.10	0.001136
301.19	0.001130
301.26	0.001142
301.35	0.001145
301.42	0.001146
301.51	0.001140
301.59	0.001124
301.66	0.001124
301.75	0.001134
301.82	0.001130
301.91	0.001138
301.98	0.001145
302.07	0.001147
302.14	0.001146
302.22	0.001159
302.30	0.001166
302.38	0.001165
302.46	0.001169
302.54	0.001164
302.62	0.001177
302.70	0.001186
302.78	0.001174
302.86	0.001170
302.94	0.001171
303.02	0.001176
303.10	0.001186
303.18	0.001191
303.26	0.001207
303.34	0.001200
303.42	0.001205
303.50	0.001205
303.58	0.001211
303.67	0.001212
303.74	0.001213
303.82	0.001222
303.90	0.001230
303.98	0.001232
304.06	0.001232
304.14	0.001241
304.23	0.001237
304.30	0.001233
304.38	0.001240
304.46	0.001248
304.54	0.001251
304.62	0.001251
304.71	0.001257
304.78	0.001265
304.87	0.001277
304.94	0.001280
305.03	0.001294
305.11	0.001302
305.18	0.001308
305.27	0.001311
305.35	0.001319
305.43	0.001310
305.51	0.001324
305.59	0.001341
305.66	0.001340
305.74	0.001344
305.82	0.001348
305.91	0.001359
305.98	0.001368
306.06	0.001360
306.15	0.001364
306.22	0.001362
306.31	0.001369
306.38	0.001381
306.46	0.001374
306.54	0.001382
306.62	0.001385
306.70	0.001390
306.78	0.001389
306.86	0.001402
306.94	0.001413
307.02	0.001410
307.10	0.001411
307.18	0.001417
307.26	0.001424
307.34	0.001419
307.42	0.001430
307.50	0.001430
307.58	0.001444
307.66	0.001451
307.74	0.001468
307.82	0.001465
307.89	0.001468
307.98	0.001473
308.06	0.001476
308.14	0.001482
308.23	0.001483
308.30	0.001485
308.38	0.001501
308.46	0.001505
308.55	0.001511
308.63	0.001507
308.70	0.001529
308.79	0.001539
308.86	0.001547
308.95	0.001556
309.02	0.001566
309.11	0.001577
309.18	0.001583
309.27	0.001578
309.34	0.001583
309.43	0.001600
309.51	0.001600
309.58	0.001611
309.67	0.001621
309.75	0.001623
309.82	0.001637
309.91	0.001642
309.99	0.001657
310.07	0.001667
310.14	0.001682
310.23	0.001702
310.31	0.001701
310.39	0.001711
310.46	0.001730
310.55	0.001735
310.63	0.001745
310.70	0.001749
310.79	0.001756
310.87	0.001768
310.95	0.001777
311.02	0.001789
311.11	0.001793
311.18	0.001798
311.26	0.001806
311.35	0.001810
311.42	0.001815
311.50	0.001830
311.59	0.001840
311.66	0.001849
311.75	0.001869
311.82	0.001871
311.91	0.001885
311.98	0.001892
312.06	0.001904
312.15	0.001911
312.23	0.001920
312.30	0.001936
312.38	0.001954
312.46	0.001969
312.55	0.001969
312.62	0.001981
312.70	0.002003
312.78	0.002003
312.86	0.002017
312.94	0.002024
313.01	0.002045
313.10	0.002058
313.18	0.002063
313.26	0.002072
313.34	0.002097
313.42	0.002097
313.50	0.002112
313.58	0.002138
313.66	0.002152
313.75	0.002159
313.82	0.002171
313.91	0.002181
313.98	0.002204
314.06	0.002226
314.15	0.002234
314.22	0.002246
314.30	0.002258
314.39	0.002263
314.47	0.002284
314.54	0.002300
314.62	0.002334
314.71	0.002347
314.78	0.002373
314.87	0.002386
314.94	0.002404
315.02	0.002429
315.10	0.002448
315.18	0.002471
315.27	0.002487
315.34	0.002506
315.42	0.002527
315.51	0.002559
315.59	0.002577
315.66	0.002600
315.75	0.002620
315.83	0.002646
315.90	0.002660
315.99	0.002672
316.07	0.002701
316.14	0.002724
316.22	0.002741
316.30	0.002759
316.39	0.002779
316.46	0.002795
316.55	0.002818
316.62	0.002836
316.71	0.002859
316.79	0.002884
316.87	0.002904
316.95	0.002921
317.02	0.002949
317.10	0.002968
317.19	0.002986
317.27	0.003013
317.34	0.003036
317.43	0.003079
317.50	0.003093
317.58	0.003123
317.66	0.003156
317.74	0.003179
317.82	0.003207
317.90	0.003235
317.96	0.003255
318.04	0.003283
318.12	0.003311
318.20	0.003344
318.28	0.003371
318.36	0.003402
318.44	0.003440
318.52	0.003470
318.60	0.003504
318.68	0.003533
318.76	0.003555
318.84	0.003586
318.93	0.003618
319.01	0.003655
319.08	0.003669
319.17	0.003700
319.24	0.003736
319.32	0.003774
319.41	0.003808
319.48	0.003853
319.56	0.003891
319.64	0.003934
319.73	0.003977
319.80	0.004006
319.89	0.004056
319.96	0.004094
320.04	0.004132
320.13	0.004167
320.20	0.004207
320.29	0.004248
320.36	0.004297
320.45	0.004348
320.52	0.004380
320.60	0.004426
320.69	0.004467
320.76	0.004507
320.84	0.004552
320.93	0.004589
321.01	0.004629
321.08	0.004653
321.17	0.004692
321.24	0.004733
321.33	0.004777
321.41	0.004821
321.49	0.004868
321.57	0.004916
321.64	0.004959
321.73	0.004999
321.81	0.005041
321.89	0.005074
321.96	0.005116
322.05	0.005159
322.12	0.005208
322.20	0.005261
322.29	0.005315
322.36	0.005369
322.44	0.005418
322.52	0.005463
322.60	0.005513
322.68	0.005556
322.76	0.005611
322.84	0.005641
322.92	0.005698
323.00	0.005750
323.08	0.005803
323.16	0.005855
323.24	0.005908
323.32	0.005969
323.40	0.006016
323.48	0.006072
323.56	0.006139
323.64	0.006193
323.72	0.006249
323.80	0.006300
323.88	0.006349
323.96	0.006390
324.05	0.006439
324.13	0.006481
324.20	0.006526
324.29	0.006598
324.37	0.006658
324.45	0.006741
324.52	0.006807
324.61	0.006888
324.68	0.006959
324.77	0.007020
324.85	0.007087
324.92	0.007146
325.01	0.007212
325.09	0.007268
325.16	0.007320
325.25	0.007388
325.33	0.007459
325.40	0.007530
325.49	0.007607
325.56	0.007664
325.65	0.007723
325.72	0.007787
325.81	0.007850
325.88	0.007903
325.97	0.007961
326.04	0.008022
326.12	0.008068
326.21	0.008133
326.29	0.008188
326.36	0.008250
326.45	0.008323
326.53	0.008394
326.60	0.008463
326.70	0.008523
326.77	0.008565
326.84	0.008638
326.93	0.008705
327.00	0.008761
327.08	0.008827
327.16	0.008907
327.25	0.008972
327.33	0.009053
327.40	0.009115
327.48	0.009187
327.56	0.009264
327.64	0.009318
327.72	0.009387
327.80	0.009451
327.88	0.009525
327.96	0.009591
328.04	0.009657
328.12	0.009723
328.20	0.009798
328.28	0.009867
328.36	0.009932
328.44	0.010005
328.52	0.010087
328.60	0.010169
328.68	0.010244
328.76	0.010302
328.84	0.010351
328.92	0.010395
329.00	0.010428
329.08	0.010480
329.17	0.010541
329.24	0.010626
329.32	0.010705
329.41	0.010796
329.49	0.010902
329.56	0.010991
329.64	0.011085
329.73	0.011169
329.80	0.011242
329.88	0.011308
329.96	0.011374
330.05	0.011452
330.12	0.011505
330.21	0.011573
330.28	0.011651
330.37	0.011725
330.44	0.011788
330.52	0.011861
330.61	0.011926
330.68	0.011991
330.76	0.012056
330.84	0.012125
330.92	0.012191
331.00	0.012255
331.08	0.012296
331.16	0.012356
331.24	0.012424
331.32	0.012482
331.40	0.012551
331.48	0.012621
331.56	0.012693
331.64	0.012753
331.72	0.012810
331.80	0.012867
331.88	0.012918
331.96	0.012979
332.04	0.013037
332.12	0.013095
332.19	0.013162
332.27	0.013223
332.36	0.013293
332.43	0.013348
332.52	0.013402
332.60	0.013465
332.68	0.013521
332.75	0.013587
332.84	0.013648
332.91	0.013699
333.00	0.013752
333.07	0.013812
333.16	0.013848
333.24	0.013890
333.31	0.013949
333.39	0.014004
333.48	0.014054
333.55	0.014108
333.63	0.014168
333.72	0.014215
333.80	0.014238
333.87	0.014241
333.96	0.014249
334.04	0.014272
334.12	0.014298
334.20	0.014353
334.27	0.014417
334.36	0.014498
334.44	0.014573
334.52	0.014635
334.60	0.014695
334.68	0.014737
334.76	0.014782
334.84	0.014816
334.92	0.014836
335.00	0.014868
335.08	0.014894
335.16	0.014928
335.24	0.014952
335.32	0.014980
335.40	0.015017
335.48	0.015054
335.56	0.015086
335.64	0.015111
335.72	0.015121
335.80	0.015137
335.88	0.015150
335.96	0.015159
336.04	0.015174
336.12	0.015185
336.20	0.015205
336.28	0.015226
336.36	0.015249
336.44	0.015265
336.52	0.015273
336.60	0.015286
336.67	0.015295
336.75	0.015298
336.84	0.015296
336.91	0.015308
336.99	0.015315
337.07	0.015319
337.15	0.015313
337.24	0.015310
337.31	0.015313
337.40	0.015310
337.47	0.015317
337.56	0.015317
337.64	0.015315
337.71	0.015316
337.80	0.015319
337.88	0.015302
337.95	0.015282
338.04	0.015272
338.11	0.015259
338.19	0.015247
338.27	0.015226
338.36	0.015209
338.43	0.015184
338.52	0.015169
338.60	0.015148
338.67	0.015127
338.76	0.015087
338.83	0.015030
338.91	0.014965
339.00	0.014904
339.07	0.014860
339.15	0.014833
339.24	0.014806
339.32	0.014786
339.39	0.014767
339.48	0.014753
339.55	0.014725
339.63	0.014692
339.72	0.014657
339.80	0.014604
339.88	0.014565
339.96	0.014515
340.04	0.014449
340.12	0.014404
340.19	0.014355
340.28	0.014287
340.36	0.014235
340.44	0.014186
340.52	0.014128
340.60	0.014084
340.68	0.014026
340.76	0.013983
340.84	0.013931
340.92	0.013869
341.00	0.013821
341.08	0.013765
341.16	0.013702
341.23	0.013642
341.32	0.013572
341.40	0.013508
341.48	0.013451
341.55	0.013383
341.64	0.013314
341.72	0.013245
341.79	0.013184
341.88	0.013128
341.95	0.013068
342.04	0.012990
342.11	0.012926
342.20	0.012845
342.27	0.012774
342.33	0.012711
342.41	0.012637
342.50	0.012554
342.55	0.012481
342.63	0.012412
342.72	0.012337
342.79	0.012269
342.88	0.012201
342.95	0.012125
343.04	0.012059
343.12	0.011985
343.19	0.011917
343.28	0.011838
343.36	0.011754
343.44	0.011679
343.52	0.011600
343.60	0.011509
343.68	0.011425
343.76	0.011354
343.84	0.011268
343.92	0.011177
344.00	0.011094
344.08	0.011016
344.16	0.010933
344.24	0.010862
344.32	0.010775
344.40	0.010684
344.48	0.010587
344.56	0.010503
344.64	0.010430
344.73	0.010339
344.80	0.010253
344.88	0.010172
344.96	0.010095
345.05	0.010000
345.12	0.009918
345.21	0.009846
345.28	0.009763
345.36	0.009679
345.44	0.009617
345.52	0.009535
345.60	0.009469
345.68	0.009394
345.76	0.009318
345.84	0.009232
345.92	0.009156
346.00	0.009089
346.08	0.009027
346.16	0.008943
346.24	0.008883
346.32	0.008807
346.40	0.008732
346.48	0.008660
346.57	0.008587
346.65	0.008518
346.72	0.008447
346.81	0.008365
346.88	0.008300
346.96	0.008226
347.04	0.008150
347.13	0.008088
347.20	0.008018
347.28	0.007955
347.37	0.007890
347.44	0.007824
347.53	0.007750
347.60	0.007678
347.68	0.007618
347.76	0.007556
347.85	0.007479
347.92	0.007418
348.01	0.007356
348.08	0.007292
348.16	0.007231
348.25	0.007170
348.32	0.007113
348.40	0.007048
348.49	0.006984
348.57	0.006931
348.65	0.006876
348.73	0.006814
348.81	0.006770
348.89	0.006705
348.97	0.006654
349.05	0.006598
349.13	0.006526
349.21	0.006458
349.29	0.006382
349.37	0.006317
349.45	0.006241
349.53	0.006177
349.61	0.006119
349.69	0.006075
349.76	0.006018
349.85	0.005962
349.93	0.005905
350.01	0.005852
350.09	0.005795
350.17	0.005740
350.25	0.005704
350.33	0.005646
350.41	0.005596
350.49	0.005554
350.57	0.005519
350.65	0.005467
350.73	0.005418
350.81	0.005379
350.89	0.005328
350.96	0.005278
351.05	0.005234
351.13	0.005197
351.21	0.005143
351.28	0.005103
351.37	0.005059
351.45	0.005015
351.53	0.004985
351.60	0.004943
351.68	0.004905
351.76	0.004862
351.85	0.004828
351.92	0.004796
352.01	0.004743
352.08	0.004699
352.16	0.004657
352.25	0.004623
352.32	0.004588
352.41	0.004545
352.49	0.004515
352.56	0.004480
352.65	0.004445
352.72	0.004421
352.81	0.004381
352.88	0.004345
352.96	0.004297
353.05	0.004272
353.13	0.004228
353.20	0.004198
353.29	0.004163
353.37	0.004145
353.44	0.004110
353.53	0.004072
353.61	0.004058
353.69	0.004043
353.77	0.004026
353.85	0.003999
353.93	0.003974
354.01	0.003934
354.09	0.003901
354.17	0.003855
354.26	0.003809
354.33	0.003777
354.41	0.003737
354.49	0.003700
354.57	0.003672
354.65	0.003639
354.73	0.003616
354.81	0.003596
354.89	0.003569
354.97	0.003547
355.05	0.003520
355.13	0.003492
355.21	0.003470
355.29	0.003453
355.37	0.003418
355.45	0.003393
355.53	0.003376
355.61	0.003347
355.69	0.003316
355.77	0.003303
355.85	0.003271
355.93	0.003252
356.01	0.003239
356.08	0.003210
356.17	0.003187
356.24	0.003148
356.32	0.003136
356.41	0.003120
356.48	0.003113
356.57	0.003092
356.64	0.003076
356.73	0.003061
356.80	0.003041
356.88	0.003009
356.97	0.002990
357.05	0.002954
357.12	0.002947
357.20	0.002936
357.29	0.002917
357.36	0.002896
357.45	0.002881
357.52	0.002862
357.60	0.002842
357.69	0.002829
357.76	0.002809
357.85	0.002793
357.92	0.002771
358.01	0.002772
358.08	0.002756
358.17	0.002743
358.25	0.002718
358.32	0.002695
358.41	0.002683
358.49	0.002665
358.57	0.002662
358.65	0.002676
358.73	0.002675
358.81	0.002657
358.89	0.002634
358.97	0.002620
359.05	0.002602
359.13	0.002571
359.21	0.002536
359.29	0.002504
359.38	0.002496
359.46	0.002479
359.53	0.002448
359.61	0.002456
359.69	0.002444
359.76	0.002431
359.85	0.002422
359.93	0.002419
360.00	0.002397
360.09	0.002383
360.16	0.002374
360.25	0.002353
360.32	0.002337
360.41	0.002323
360.53	0.002322
360.57	0.002303
360.64	0.002297
360.72	0.002286
360.81	0.002268
360.88	0.002258
360.96	0.002237
361.05	0.002226
361.12	0.002218
361.20	0.002197
361.29	0.002184
361.36	0.002174
361.44	0.002172
361.52	0.002172
361.60	0.002167
361.68	0.002150
361.76	0.002137
361.84	0.002122
361.92	0.002107
362.00	0.002111
362.09	0.002093
362.16	0.002083
362.24	0.002083
362.32	0.002066
362.40	0.002054
362.48	0.002046
362.56	0.002033
362.64	0.002019
362.72	0.002015
362.81	0.002009
362.88	0.001996
362.96	0.001993
363.04	0.001985
363.13	0.001977
363.20	0.001964
363.29	0.001951
363.37	0.001942
363.44	0.001932
363.51	0.001938
363.59	0.001959
363.66	0.001964
363.74	0.001950
363.83	0.001949
363.90	0.001930
363.98	0.001919
364.07	0.001898
364.14	0.001875
364.22	0.001847
364.31	0.001839
364.38	0.001826
364.46	0.001825
364.55	0.001819
364.63	0.001810
364.70	0.001813
364.78	0.001802
364.87	0.001800
364.94	0.001809
365.02	0.001804
365.11	0.001800
365.19	0.001794
365.26	0.001775
365.35	0.001752
365.42	0.001748
365.51	0.001742
365.58	0.001740
365.66	0.001733
365.74	0.001719
365.82	0.001711
365.90	0.001711
365.98	0.001704
366.06	0.001684
366.14	0.001674
366.22	0.001670
366.30	0.001662
366.38	0.001659
366.46	0.001656
366.54	0.001659
366.62	0.001646
366.70	0.001638
366.78	0.001642
366.86	0.001635
366.94	0.001634
367.01	0.001621
367.11	0.001608
367.18	0.001615
367.26	0.001614
367.34	0.001597
367.42	0.001585
367.50	0.001570
367.58	0.001574
367.66	0.001565
367.74	0.001562
367.82	0.001557
367.90	0.001551
367.98	0.001563
368.06	0.001551
368.14	0.001549
368.22	0.001547
368.30	0.001526
368.38	0.001530
368.46	0.001524
368.54	0.001531
368.62	0.001540
368.70	0.001546
368.78	0.001553
368.87	0.001540
368.94	0.001526
369.02	0.001508
369.10	0.001498
369.19	0.001488
369.26	0.001471
369.34	0.001454
369.43	0.001453
369.51	0.001443
369.58	0.001443
369.67	0.001436
369.74	0.001440
369.82	0.001438
369.90	0.001441
369.99	0.001429
370.07	0.001434
370.14	0.001433
370.23	0.001428
370.30	0.001423
370.38	0.001417
370.46	0.001404
370.54	0.001396
370.62	0.001389
370.70	0.001371
370.78	0.001364
370.86	0.001361
370.94	0.001358
371.02	0.001344
371.10	0.001350
371.18	0.001342
371.26	0.001335
371.34	0.001341
371.42	0.001330
371.50	0.001323
371.57	0.001322
371.66	0.001320
371.74	0.001309
371.81	0.001300
371.90	0.001299
371.97	0.001300
372.05	0.001298
372.14	0.001295
372.21	0.001289
372.29	0.001279
372.37	0.001271
372.46	0.001271
372.54	0.001269
372.62	0.001259
372.70	0.001265
372.77	0.001254
372.87	0.001254
372.94	0.001247
373.02	0.001258
373.10	0.001257
373.18	0.001251
373.26	0.001244
373.34	0.001232
373.42	0.001237
373.50	0.001253
373.58	0.001258
373.66	0.001256
373.74	0.001254
373.82	0.001247
373.90	0.001235
373.98	0.001208
374.06	0.001193
374.14	0.001200
374.22	0.001195
374.30	0.001189
374.38	0.001192
374.46	0.001174
374.54	0.001171
374.62	0.001172
374.70	0.001172
374.78	0.001166
374.86	0.001157
374.94	0.001151
375.02	0.001152
375.10	0.001143
375.18	0.001145
375.26	0.001150
375.34	0.001138
375.42	0.001140
375.50	0.001131
375.58	0.001132
375.66	0.001127
375.74	0.001103
375.82	0.001092
375.90	0.001080
375.98	0.001075
376.06	0.001069
376.14	0.001066
376.22	0.001070
376.30	0.001065
376.38	0.001057
376.45	0.001060
376.54	0.001060
376.61	0.001055
376.70	0.001051
376.77	0.001046
376.86	0.001048
376.93	0.001034
377.02	0.001027
377.10	0.001032
377.17	0.001034
377.26	0.001021
377.34	0.001014
377.41	0.001016
377.50	0.001008
377.57	0.001001
377.66	0.000995
377.74	0.000980
377.82	0.000982
377.90	0.000978
377.98	0.000980
378.06	0.000975
378.14	0.000966
378.22	0.000975
378.30	0.000970
378.38	0.000976
378.46	0.000989
378.54	0.001013
378.62	0.001004
378.70	0.000999
378.78	0.000990
378.86	0.000978
378.94	0.000956
379.02	0.000952
379.10	0.000938
379.18	0.000936
379.26	0.000927
379.34	0.000918
379.42	0.000921
379.50	0.000921
379.58	0.000914
379.66	0.000917
379.74	0.000909
379.82	0.000908
379.90	0.000910
379.98	0.000905
380.06	0.000903
380.14	0.000904
380.22	0.000893
380.30	0.000878
380.38	0.000878
380.46	0.000876
380.54	0.000860
380.62	0.000857
380.70	0.000853
380.78	0.000835
380.86	0.000836
380.94	0.000840
381.02	0.000825
381.10	0.000820
381.18	0.000819
381.26	0.000829
381.34	0.000822
381.42	0.000823
381.50	0.000809
381.58	0.000801
381.66	0.000796
381.73	0.000793
381.82	0.000790
381.90	0.000794
381.98	0.000789
382.06	0.000774
382.14	0.000778
382.22	0.000774
382.30	0.000767
382.38	0.000766
382.46	0.000761
382.54	0.000751
382.62	0.000752
382.70	0.000741
382.78	0.000732
382.87	0.000726
382.94	0.000736
383.02	0.000735
383.14	0.000732
383.18	0.000727
383.26	0.000728
383.33	0.000729
383.42	0.000730
383.50	0.000732
383.58	0.000736
383.66	0.000725
383.74	0.000713
383.82	0.000701
383.90	0.000692
383.98	0.000681
384.06	0.000685
384.14	0.000669
384.22	0.000667
384.30	0.000677
384.38	0.000673
384.46	0.000671
384.54	0.000658
384.62	0.000660
384.70	0.000639
384.78	0.000636
384.86	0.000629
384.94	0.000643
385.02	0.000635
385.10	0.000634
385.17	0.000626
385.26	0.000625
385.33	0.000626
385.42	0.000616
385.50	0.000613
385.58	0.000595
385.66	0.000590
385.74	0.000578
385.82	0.000568
385.90	0.000566
385.98	0.000563
386.06	0.000546
386.14	0.000551
386.22	0.000546
386.30	0.000555
386.38	0.000552
386.46	0.000538
386.54	0.000535
386.62	0.000526
386.70	0.000525
386.79	0.000522
386.87	0.000525
386.94	0.000508
387.03	0.000496
387.10	0.000506
387.19	0.000499
387.26	0.000503
387.35	0.000503
387.43	0.000503
387.50	0.000496
387.59	0.000482
387.67	0.000487
387.74	0.000487
387.83	0.000480
387.91	0.000476
387.98	0.000479
388.07	0.000464
388.15	0.000448
388.22	0.000456
388.31	0.000464
388.38	0.000464
388.47	0.000481
388.54	0.000482
388.62	0.000469
388.70	0.000459
388.78	0.000443
388.86	0.000438
388.94	0.000439
389.02	0.000419
389.10	0.000418
389.18	0.000411
389.26	0.000398
389.34	0.000407
389.42	0.000402
389.50	0.000389
389.58	0.000395
389.66	0.000390
389.74	0.000384
389.82	0.000374
389.90	0.000380
389.98	0.000373
390.06	0.000377
390.14	0.000363
390.21	0.000365
390.30	0.000361
390.38	0.000359
390.46	0.000364
390.54	0.000360
390.62	0.000354
390.70	0.000345
390.78	0.000344
390.86	0.000325
390.94	0.000321
391.02	0.000313
391.10	0.000315
391.18	0.000306
391.26	0.000300
391.34	0.000311
391.43	0.000303
391.50	0.000303
391.58	0.000288
391.67	0.000283
391.74	0.000290
391.83	0.000283
391.91	0.000281
391.98	0.000282
392.07	0.000275
392.15	0.000267
392.22	0.000262
392.31	0.000261
392.39	0.000264
392.47	0.000263
392.54	0.000266
392.63	0.000267
392.70	0.000266
392.79	0.000253
392.86	0.000243
392.94	0.000244
393.02	0.000237
393.10	0.000239
393.18	0.000228
393.26	0.000240
393.34	0.000243
393.42	0.000245
393.50	0.000248
393.58	0.000244
393.66	0.000228
393.74	0.000228
393.82	0.000222
393.90	0.000216
393.98	0.000217
394.06	0.000205
394.13	0.000190
394.22	0.000179
394.29	0.000185
394.38	0.000186
394.46	0.000192
394.53	0.000192
394.61	0.000205
394.69	0.000192
394.78	0.000187
394.85	0.000175
394.93	0.000176
395.02	0.000172
395.09	0.000170
395.18	0.000168
395.25	0.000154
395.34	0.000147
395.41	0.000152
395.50	0.000146
395.57	0.000146
395.65	0.000141
395.72	0.000134
395.80	0.000120
395.88	0.000121
395.95	0.000110
396.04	0.000111
396.12	0.000113
396.19	0.000118
396.28	0.000111
396.36	0.000109
396.44	0.000108
396.52	0.000106
396.60	0.000098
396.68	0.000105
396.76	0.000082
396.84	0.000088
396.92	0.000082
397.00	0.000093
397.08	0.000079
397.16	0.000074
397.24	0.000080
397.32	0.000073
397.40	0.000068
397.48	0.000066
397.56	0.000067
397.64	0.000075
397.72	0.000071
397.80	0.000070
397.88	0.000068
397.96	0.000050
398.04	0.000053
398.12	0.000057
398.21	0.000056
398.28	0.000061
398.36	0.000060
398.44	0.000062
398.52	0.000052
398.59	0.000055
398.68	0.000049
398.75	0.000050
398.84	0.000049
398.92	0.000038
398.99	0.000033
399.08	0.000032
399.15	0.000026
399.23	0.000017
399.32	0.000012
399.40	0.000014
399.48	0.000013
399.55	0.000003
399.64	0.000006
399.71	0.000012
399.79	0.000010
399.88	0.000008
399.95	-0.000001
400.03	0.000001
400.11	0.000005
400.19	-0.000004
400.27	-0.000001
400.36	-0.000008
400.43	-0.000010
400.51	-0.000023
400.59	-0.000017
400.67	-0.000016
400.76	-0.000021
400.83	-0.000034
400.92	-0.000039
400.99	-0.000025
401.08	-0.000027
401.15	-0.000033
401.24	-0.000035
401.31	-0.000033
401.39	-0.000048
401.47	-0.000039
401.56	-0.000046
401.63	-0.000052
401.71	-0.000052
401.80	-0.000046
401.88	-0.000052
401.95	-0.000049
402.04	-0.000042
402.12	-0.000051
402.20	-0.000054
402.28	-0.000051
402.36	-0.000057
402.44	-0.000068
402.51	-0.000068
402.60	-0.000064
402.68	-0.000062
402.76	-0.000062
402.83	-0.000066
402.92	-0.000075
403.00	-0.000077
403.08	-0.000078
403.15	-0.000064
403.23	-0.000052
403.32	-0.000062
403.39	-0.000068
403.47	-0.000067
403.56	-0.000072
403.63	-0.000078
403.72	-0.000076
403.79	-0.000084
403.88	-0.000088
403.96	-0.000083
404.03	-0.000082
404.12	-0.000081
404.19	-0.000073
404.28	-0.000083
404.35	-0.000087
404.44	-0.000078
404.51	-0.000086
404.60	-0.000085
404.67	-0.000089
404.75	-0.000095
404.84	-0.000095
404.91	-0.000098
405.00	-0.000099
405.07	-0.000100
405.16	-0.000106
405.24	-0.000099
405.32	-0.000098
405.40	-0.000111
405.48	-0.000109
405.56	-0.000110
405.64	-0.000118
405.72	-0.000121
405.81	-0.000120
405.88	-0.000131
405.96	-0.000130
406.04	-0.000127
406.12	-0.000121
406.20	-0.000120
406.28	-0.000130
406.36	-0.000130
406.44	-0.000132
406.52	-0.000131
406.60	-0.000132
406.68	-0.000129
406.76	-0.000128
406.84	-0.000131
406.93	-0.000136
407.00	-0.000133
407.08	-0.000131
407.16	-0.000135
407.25	-0.000145
407.32	-0.000138
407.40	-0.000140
407.48	-0.000148
407.56	-0.000147
407.64	-0.000149
407.72	-0.000146
407.80	-0.000146
407.88	-0.000156
407.96	-0.000146
408.04	-0.000151
408.12	-0.000150
408.20	-0.000137
408.28	-0.000151
408.36	-0.000142
408.45	-0.000149
408.52	-0.000149
408.60	-0.000147
408.68	-0.000155
408.76	-0.000163
408.83	-0.000151
408.92	-0.000157
409.00	-0.000149
409.08	-0.000152
409.15	-0.000161
409.23	-0.000165
409.32	-0.000162
409.40	-0.000174
409.48	-0.000173
409.56	-0.000170
409.64	-0.000175
409.72	-0.000158
409.80	-0.000173
409.88	-0.000170
409.96	-0.000172
410.04	-0.000180
410.12	-0.000166
410.20	-0.000168
410.28	-0.000174
410.36	-0.000186
410.44	-0.000193
410.52	-0.000190
410.60	-0.000184
410.68	-0.000186
410.76	-0.000189
410.84	-0.000191
410.93	-0.000189
411.01	-0.000186
411.08	-0.000189
411.17	-0.000193
411.25	-0.000189
411.32	-0.000201
411.40	-0.000193
411.49	-0.000182
411.56	-0.000197
411.65	-0.000206
411.73	-0.000202
411.81	-0.000199
411.88	-0.000187
411.97	-0.000191
412.04	-0.000193
412.13	-0.000198
412.20	-0.000199
412.29	-0.000206
412.36	-0.000210
412.45	-0.000195
412.52	-0.000193
412.61	-0.000190
412.68	-0.000207
412.76	-0.000218
412.84	-0.000210
412.92	-0.000206
413.00	-0.000206
413.09	-0.000210
413.16	-0.000208
413.24	-0.000213
413.32	-0.000220
413.40	-0.000207
413.48	-0.000212
413.57	-0.000215
413.64	-0.000218
413.72	-0.000210
413.80	-0.000222
413.88	-0.000218
413.95	-0.000219
414.04	-0.000211
414.12	-0.000220
414.19	-0.000210
414.27	-0.000217
414.36	-0.000226
414.44	-0.000232
414.52	-0.000234
414.60	-0.000232
414.68	-0.000230
414.76	-0.000229
414.84	-0.000232
414.92	-0.000233
415.00	-0.000228
415.08	-0.000229
415.16	-0.000237
415.24	-0.000219
415.32	-0.000216
415.40	-0.000225
415.48	-0.000234
415.56	-0.000235
415.64	-0.000247
415.73	-0.000240
415.80	-0.000238
415.89	-0.000242
415.96	-0.000247
416.04	-0.000249
416.13	-0.000244
416.20	-0.000246
416.28	-0.000248
416.36	-0.000239
416.45	-0.000239
416.52	-0.000247
416.61	-0.000248
416.68	-0.000246
416.76	-0.000235
416.85	-0.000245
416.93	-0.000252
417.00	-0.000252
417.10	-0.000247
417.16	-0.000258
417.24	-0.000261
417.33	-0.000247
417.40	-0.000248
417.48	-0.000247
417.57	-0.000253
417.65	-0.000245
417.73	-0.000249
417.81	-0.000259
417.88	-0.000257
417.97	-0.000246
418.05	-0.000243
418.12	-0.000255
418.21	-0.000255
418.29	-0.000255
418.36	-0.000262
418.45	-0.000260
418.52	-0.000255
418.61	-0.000261
418.68	-0.000255
418.77	-0.000258
418.84	-0.000268
418.93	-0.000259
419.00	-0.000257
419.09	-0.000251
419.16	-0.000249
419.25	-0.000246
419.32	-0.000248
419.41	-0.000259
419.48	-0.000258
419.56	-0.000263
419.65	-0.000255
419.72	-0.000250
419.81	-0.000259
419.89	-0.000259
419.97	-0.000260
420.05	-0.000259
420.12	-0.000268
420.20	-0.000268
420.29	-0.000264
420.37	-0.000261
420.45	-0.000268
420.53	-0.000275
420.61	-0.000268
420.69	-0.000265
420.77	-0.000275
420.85	-0.000275
420.93	-0.000280
421.01	-0.000274
421.10	-0.000270
421.17	-0.000268
421.25	-0.000261
421.33	-0.000269
421.41	-0.000270
421.49	-0.000267
421.57	-0.000265
421.65	-0.000269
421.73	-0.000273
421.81	-0.000271
421.89	-0.000268
421.97	-0.000269
422.05	-0.000261
422.13	-0.000261
422.21	-0.000262
422.29	-0.000269
422.37	-0.000264
422.45	-0.000270
422.53	-0.000270
422.61	-0.000268
422.69	-0.000271
422.77	-0.000268
422.85	-0.000265
422.93	-0.000260
423.01	-0.000266
423.09	-0.000272
423.17	-0.000273
423.25	-0.000274
423.32	-0.000269
423.41	-0.000272
423.49	-0.000268
423.57	-0.000271
423.64	-0.000276
423.73	-0.000269
423.81	-0.000276
423.89	-0.000284
423.96	-0.000281
424.04	-0.000277
424.13	-0.000280
424.20	-0.000278
424.28	-0.000277
424.36	-0.000284
424.45	-0.000285
424.52	-0.000278
424.60	-0.000272
424.69	-0.000263
424.77	-0.000265
424.84	-0.000275
424.93	-0.000277
425.01	-0.000278
425.08	-0.000277
425.17	-0.000271
425.24	-0.000269
425.33	-0.000280
425.40	-0.000274
425.49	-0.000277
425.57	-0.000292
425.64	-0.000288
425.73	-0.000296
425.81	-0.000294
425.88	-0.000285
425.97	-0.000287
426.05	-0.000286
426.13	-0.000284
426.20	-0.000284
426.29	-0.000296
426.36	-0.000285
426.45	-0.000276
426.52	-0.000281
426.60	-0.000274
426.69	-0.000288
426.76	-0.000298
426.85	-0.000291
426.92	-0.000283
427.00	-0.000298
427.08	-0.000301
427.16	-0.000302
427.24	-0.000288
427.32	-0.000286
427.40	-0.000285
427.48	-0.000294
427.56	-0.000291
427.64	-0.000289
427.72	-0.000294
427.80	-0.000289
427.88	-0.000289
427.96	-0.000290
428.04	-0.000294
428.12	-0.000285
428.19	-0.000281
428.28	-0.000294
428.36	-0.000287
428.44	-0.000287
428.52	-0.000287
428.60	-0.000287
428.68	-0.000285
428.76	-0.000294
428.84	-0.000282
428.92	-0.000283
429.00	-0.000286
429.08	-0.000288
429.16	-0.000286
429.24	-0.000293
429.32	-0.000294
429.40	-0.000288
429.48	-0.000291
429.56	-0.000296
429.64	-0.000301
429.73	-0.000286
429.80	-0.000284
429.88	-0.000286
429.96	-0.000289
430.05	-0.000291
430.12	-0.000291
430.21	-0.000294
430.28	-0.000292
430.36	-0.000291
430.45	-0.000290
430.52	-0.000297
430.61	-0.000303
430.68	-0.000302
430.77	-0.000296
430.85	-0.000290
430.92	-0.000300
431.01	-0.000303
431.08	-0.000302
431.17	-0.000287
431.24	-0.000286
431.32	-0.000291
431.40	-0.000297
431.48	-0.000297
431.56	-0.000297
431.65	-0.000301
431.72	-0.000307
431.80	-0.000312
431.88	-0.000310
431.96	-0.000311
432.04	-0.000295
432.12	-0.000299
432.20	-0.000301
432.28	-0.000297
432.36	-0.000297
432.44	-0.000298
432.51	-0.000304
432.60	-0.000289
432.68	-0.000289
432.76	-0.000290
432.83	-0.000292
432.92	-0.000288
432.99	-0.000293
433.08	-0.000290
433.15	-0.000297
433.24	-0.000290
433.31	-0.000298
433.39	-0.000293
433.48	-0.000286
433.56	-0.000288
433.64	-0.000292
433.71	-0.000295
433.80	-0.000289
433.88	-0.000294
433.96	-0.000291
434.04	-0.000302
434.12	-0.000295
434.20	-0.000294
434.28	-0.000281
434.36	-0.000290
434.44	-0.000292
434.52	-0.000292
434.60	-0.000288
434.68	-0.000291
434.76	-0.000295
434.84	-0.000296
434.92	-0.000292
435.00	-0.000297
435.08	-0.000297
435.16	-0.000304
435.24	-0.000293
435.32	-0.000288
435.40	-0.000299
435.48	-0.000301
435.57	-0.000296
435.64	-0.000305
435.72	-0.000303
435.81	-0.000303
435.88	-0.000314
435.96	-0.000303
436.05	-0.000302
436.13	-0.000306
436.20	-0.000307
436.28	-0.000312
436.37	-0.000304
436.44	-0.000309
436.52	-0.000295
436.60	-0.000295
436.68	-0.000290
436.76	-0.000291
436.84	-0.000303
436.92	-0.000296
437.00	-0.000304
437.08	-0.000304
437.16	-0.000309
437.24	-0.000312
437.32	-0.000303
437.40	-0.000295
437.48	-0.000302
437.56	-0.000303
437.64	-0.000301
437.72	-0.000315
437.80	-0.000316
437.87	-0.000316
437.96	-0.000302
438.04	-0.000305
438.11	-0.000298
438.20	-0.000309
438.28	-0.000305
438.35	-0.000301
438.44	-0.000307
438.51	-0.000305
438.60	-0.000304
438.68	-0.000298
438.75	-0.000300
438.84	-0.000291
438.92	-0.000307
439.00	-0.000309
439.08	-0.000310
439.16	-0.000307
439.24	-0.000310
439.32	-0.000308
439.41	-0.000306
439.48	-0.000304
439.56	-0.000306
439.67	-0.000299
439.72	-0.000307
439.80	-0.000305
439.88	-0.000297
439.96	-0.000292
440.04	-0.000311
440.12	-0.000318
440.20	-0.000307
440.28	-0.000311
440.36	-0.000314
440.44	-0.000311
440.52	-0.000309
440.60	-0.000303
440.68	-0.000306
440.76	-0.000301
440.84	-0.000286
440.92	-0.000294
441.00	-0.000295
441.08	-0.000294
441.16	-0.000295
441.24	-0.000304
441.32	-0.000291
441.40	-0.000298
441.48	-0.000309
441.56	-0.000303
441.64	-0.000297
441.72	-0.000299
441.80	-0.000298
441.88	-0.000305
441.96	-0.000306
442.04	-0.000304
442.12	-0.000306
442.20	-0.000311
442.27	-0.000311
442.36	-0.000292
442.44	-0.000309
442.51	-0.000315
442.60	-0.000304
442.67	-0.000305
442.75	-0.000301
442.84	-0.000297
442.91	-0.000298
443.00	-0.000293
443.07	-0.000301
443.16	-0.000310
443.23	-0.000300
443.31	-0.000307
443.40	-0.000301
443.47	-0.000313
443.56	-0.000305
443.63	-0.000293
443.71	-0.000293
443.80	-0.000296
443.87	-0.000292
443.95	-0.000291
444.04	-0.000302
444.12	-0.000296
444.19	-0.000296
444.28	-0.000288
444.36	-0.000291
444.44	-0.000301
444.52	-0.000295
444.60	-0.000305
444.68	-0.000298
444.76	-0.000305
444.84	-0.000295
444.92	-0.000300
445.00	-0.000301
445.08	-0.000306
445.16	-0.000309
445.24	-0.000308
445.32	-0.000303
445.40	-0.000296
445.48	-0.000301
445.56	-0.000297
445.64	-0.000312
445.72	-0.000306
445.80	-0.000321
445.88	-0.000315
445.96	-0.000309
446.04	-0.000310
446.12	-0.000318
446.20	-0.000313
446.28	-0.000306
446.36	-0.000306
446.44	-0.000316
446.52	-0.000314
446.60	-0.000308
446.68	-0.000307
446.76	-0.000300
446.84	-0.000310
446.92	-0.000303
447.01	-0.000301
447.08	-0.000301
447.16	-0.000301
447.24	-0.000299
447.32	-0.000295
447.39	-0.000294
447.48	-0.000304
447.55	-0.000307
447.64	-0.000297
447.72	-0.000298
447.80	-0.000304
447.87	-0.000298
447.95	-0.000303
448.03	-0.000297
448.12	-0.000306
448.20	-0.000300
448.28	-0.000306
448.35	-0.000303
448.44	-0.000300
448.52	-0.000311
448.59	-0.000309
448.68	-0.000303
448.76	-0.000301
448.84	-0.000294
448.92	-0.000301
449.00	-0.000301
449.07	-0.000311
449.16	-0.000310
449.24	-0.000296
449.32	-0.000289
449.40	-0.000299
449.48	-0.000305
449.56	-0.000292
449.64	-0.000294
449.72	-0.000297
449.80	-0.000296
449.88	-0.000299
449.96	-0.000299
450.04	-0.000288
450.12	-0.000284
450.20	-0.000294
450.28	-0.000301
450.37	-0.000311
450.44	-0.000299
450.52	-0.000298
450.61	-0.000308
450.68	-0.000315
450.76	-0.000311
450.88	-0.000307
450.93	-0.000315
451.00	-0.000304
451.08	-0.000304
451.16	-0.000297
451.24	-0.000306
451.32	-0.000318
451.40	-0.000313
451.49	-0.000301
451.56	-0.000303
451.64	-0.000304
451.72	-0.000312
451.80	-0.000302
